6.644518e-04 3.322259e-04 8.433142e-01 1.389716e-02
1.328904e-03 3.322259e-04 7.546750e-01 3.058331e-02
1.993355e-03 3.322259e-04 6.553993e-01 3.851181e-02
2.657807e-03 3.322259e-04 3.105921e-01 5.436011e-02
3.322259e-03 3.322259e-04 2.658048e-01 6.019659e-02
3.986711e-03 3.322259e-04 2.328339e-01 6.748135e-02
4.651163e-03 3.322259e-04 3.213509e-01 5.038825e-02
5.315615e-03 3.322259e-04 2.863550e-01 6.019649e-02
5.980066e-03 3.322259e-04 3.366340e-01 5.645805e-02
6.644518e-03 3.322259e-04 1.358411e-01 4.261437e-02
7.308970e-03 3.322259e-04 3.474046e-01 5.948791e-02
7.973422e-03 3.322259e-04 3.653959e-01 6.092034e-02
8.637874e-03 3.322259e-04 1.968258e-01 4.896469e-02
9.302326e-03 3.322259e-04 3.952773e-01 5.624127e-02
9.966777e-03 3.322259e-04 2.471772e-01 6.083646e-02
1.063123e-02 3.322259e-04 3.288948e-01 5.766080e-02
1.129568e-02 3.322259e-04 3.451989e-01 4.904300e-02
1.196013e-02 3.322259e-04 2.038287e-01 4.229035e-02
1.262458e-02 3.322259e-04 3.984880e-01 4.610100e-02
1.328904e-02 3.322259e-04 3.474545e-01 4.567496e-02
1.395349e-02 3.322259e-04 2.800079e-01 4.291061e-02
1.461794e-02 3.322259e-04 3.261386e-01 4.769364e-02
1.528239e-02 3.322259e-04 2.381823e-01 3.791762e-02
1.594684e-02 3.322259e-04 3.752017e-01 4.400825e-02
1.661130e-02 3.322259e-04 4.271138e-01 4.508948e-02
1.727575e-02 3.322259e-04 4.253942e-01 4.203315e-02
1.794020e-02 3.322259e-04 4.025895e-01 4.044328e-02
1.860465e-02 3.322259e-04 4.288682e-01 4.002567e-02
1.926910e-02 3.322259e-04 4.390806e-01 3.944444e-02
1.993355e-02 3.322259e-04 3.940335e-01 3.648787e-02
2.059801e-02 3.322259e-04 4.362156e-01 3.913745e-02
2.126246e-02 3.322259e-04 4.135452e-01 3.541443e-02
2.192691e-02 3.322259e-04 4.623830e-01 3.820763e-02
2.259136e-02 3.322259e-04 4.137341e-01 3.395370e-02
2.325581e-02 3.322259e-04 4.509480e-01 3.367254e-02
2.392027e-02 3.322259e-04 4.352309e-01 3.300018e-02
2.458472e-02 3.322259e-04 4.290121e-01 3.179032e-02
2.524917e-02 3.322259e-04 4.360740e-01 3.292409e-02
2.591362e-02 3.322259e-04 4.404160e-01 3.188824e-02
2.657807e-02 3.322259e-04 4.445953e-01 3.106909e-02
2.724252e-02 3.322259e-04 4.371181e-01 3.042416e-02
2.790698e-02 3.322259e-04 4.391642e-01 3.107452e-02
2.857143e-02 3.322259e-04 4.397729e-01 3.045965e-02
2.923588e-02 3.322259e-04 4.428610e-01 3.055556e-02
2.990033e-02 3.322259e-04 4.398364e-01 3.022775e-02
3.056478e-02 3.322259e-04 4.404785e-01 3.039259e-02
3.122924e-02 3.322259e-04 4.397871e-01 2.976962e-02
3.189369e-02 3.322259e-04 4.425179e-01 2.979772e-02
3.255814e-02 3.322259e-04 4.416924e-01 2.975859e-02
3.322259e-02 3.322259e-04 4.417791e-01 2.946654e-02
3.388704e-02 3.322259e-04 4.403814e-01 2.965519e-02
3.455150e-02 3.322259e-04 4.413722e-01 2.957059e-02
3.521595e-02 3.322259e-04 4.409048e-01 2.967514e-02
3.588040e-02 3.322259e-04 4.406964e-01 2.957230e-02
3.654485e-02 3.322259e-04 4.406311e-01 2.941749e-02
3.720930e-02 3.322259e-04 4.409875e-01 2.941422e-02
3.787375e-02 3.322259e-04 4.412514e-01 2.955310e-02
3.853821e-02 3.322259e-04 4.409998e-01 2.937198e-02
3.920266e-02 3.322259e-04 4.410501e-01 2.930998e-02
3.986711e-02 3.322259e-04 4.404286e-01 2.937611e-02
4.053156e-02 3.322259e-04 4.406131e-01 2.919937e-02
4.119601e-02 3.322259e-04 4.404623e-01 2.923548e-02
4.186047e-02 3.322259e-04 4.406148e-01 2.919040e-02
4.252492e-02 3.322259e-04 4.403410e-01 2.920801e-02
4.318937e-02 3.322259e-04 4.404060e-01 2.922168e-02
4.385382e-02 3.322259e-04 4.404107e-01 2.919832e-02
4.451827e-02 3.322259e-04 4.403656e-01 2.919212e-02
4.518272e-02 3.322259e-04 4.403139e-01 2.919970e-02
4.584718e-02 3.322259e-04 4.403841e-01 2.925090e-02
4.651163e-02 3.322259e-04 4.401856e-01 2.916267e-02
4.717608e-02 3.322259e-04 4.401477e-01 2.917017e-02
4.784053e-02 3.322259e-04 4.401631e-01 2.917227e-02
4.850498e-02 3.322259e-04 4.401633e-01 2.916972e-02
4.916944e-02 3.322259e-04 4.401239e-01 2.914404e-02
4.983389e-02 3.322259e-04 4.400903e-01 2.915539e-02
5.049834e-02 3.322259e-04 4.400344e-01 2.917636e-02
5.116279e-02 3.322259e-04 4.400645e-01 2.915497e-02
5.182724e-02 3.322259e-04 4.399868e-01 2.915394e-02
5.249169e-02 3.322259e-04 4.400179e-01 2.913886e-02
5.315615e-02 3.322259e-04 4.399732e-01 2.915687e-02
5.382060e-02 3.322259e-04 4.399328e-01 2.915141e-02
5.448505e-02 3.322259e-04 4.399176e-01 2.915091e-02
5.514950e-02 3.322259e-04 4.399301e-01 2.914237e-02
5.581395e-02 3.322259e-04 4.398775e-01 2.915067e-02
5.647841e-02 3.322259e-04 4.398835e-01 2.913603e-02
5.714286e-02 3.322259e-04 4.398455e-01 2.913664e-02
5.780731e-02 3.322259e-04 4.398448e-01 2.913464e-02
5.847176e-02 3.322259e-04 4.398228e-01 2.913489e-02
5.913621e-02 3.322259e-04 4.398083e-01 2.913038e-02
5.980066e-02 3.322259e-04 4.398027e-01 2.913894e-02
6.046512e-02 3.322259e-04 4.397691e-01 2.912444e-02
6.112957e-02 3.322259e-04 4.397562e-01 2.912700e-02
6.179402e-02 3.322259e-04 4.397450e-01 2.912440e-02
6.245847e-02 3.322259e-04 4.397381e-01 2.912538e-02
6.312292e-02 3.322259e-04 4.397209e-01 2.912053e-02
6.378738e-02 3.322259e-04 4.397065e-01 2.911974e-02
6.445183e-02 3.322259e-04 4.396997e-01 2.912254e-02
6.511628e-02 3.322259e-04 4.396883e-01 2.911724e-02
6.578073e-02 3.322259e-04 4.396700e-01 2.911631e-02
6.644518e-02 3.322259e-04 4.396662e-01 2.911690e-02
6.710963e-02 3.322259e-04 4.396556e-01 2.911709e-02
6.777409e-02 3.322259e-04 4.396483e-01 2.911533e-02
6.843854e-02 3.322259e-04 4.396353e-01 2.911232e-02
6.910299e-02 3.322259e-04 4.396299e-01 2.911262e-02
6.976744e-02 3.322259e-04 4.396193e-01 2.911144e-02
7.043189e-02 3.322259e-04 4.396102e-01 2.911116e-02
7.109635e-02 3.322259e-04 4.396040e-01 2.910996e-02
7.176080e-02 3.322259e-04 4.395938e-01 2.910944e-02
7.242525e-02 3.322259e-04 4.395888e-01 2.910914e-02
7.308970e-02 3.322259e-04 4.395827e-01 2.910804e-02
7.375415e-02 3.322259e-04 4.395753e-01 2.910718e-02
7.441860e-02 3.322259e-04 4.395681e-01 2.910607e-02
7.508306e-02 3.322259e-04 4.395640e-01 2.910575e-02
7.574751e-02 3.322259e-04 4.395581e-01 2.910574e-02
7.641196e-02 3.322259e-04 4.395506e-01 2.910446e-02
7.707641e-02 3.322259e-04 4.395464e-01 2.910419e-02
7.774086e-02 3.322259e-04 4.395402e-01 2.910375e-02
7.840532e-02 3.322259e-04 4.395357e-01 2.910308e-02
7.906977e-02 3.322259e-04 4.395312e-01 2.910202e-02
7.973422e-02 3.322259e-04 4.395263e-01 2.910204e-02
8.039867e-02 3.322259e-04 4.395221e-01 2.910159e-02
8.106312e-02 3.322259e-04 4.395175e-01 2.910089e-02
8.172757e-02 3.322259e-04 4.395137e-01 2.910086e-02
8.239203e-02 3.322259e-04 4.395098e-01 2.910035e-02
8.305648e-02 3.322259e-04 4.395063e-01 2.909971e-02
8.372093e-02 3.322259e-04 4.395021e-01 2.909944e-02
8.438538e-02 3.322259e-04 4.394995e-01 2.909931e-02
8.504983e-02 3.322259e-04 4.394963e-01 2.909889e-02
8.571429e-02 3.322259e-04 4.394929e-01 2.909845e-02
8.637874e-02 3.322259e-04 4.394899e-01 2.909818e-02
8.704319e-02 3.322259e-04 4.394871e-01 2.909782e-02
8.770764e-02 3.322259e-04 4.394847e-01 2.909780e-02
8.837209e-02 3.322259e-04 4.394823e-01 2.909741e-02
8.903654e-02 3.322259e-04 4.394800e-01 2.909727e-02
8.970100e-02 3.322259e-04 4.394777e-01 2.909713e-02
9.036545e-02 3.322259e-04 4.394756e-01 2.909674e-02
9.102990e-02 3.322259e-04 4.394742e-01 2.909663e-02
9.169435e-02 3.322259e-04 4.394723e-01 2.909659e-02
9.235880e-02 3.322259e-04 4.394708e-01 2.909636e-02
9.302326e-02 3.322259e-04 4.394690e-01 2.909612e-02
9.368771e-02 3.322259e-04 4.394680e-01 2.909575e-02
9.435216e-02 3.322259e-04 4.394672e-01 2.909568e-02
9.501661e-02 3.322259e-04 4.394659e-01 2.909575e-02
9.568106e-02 3.322259e-04 4.394651e-01 2.909574e-02
9.634551e-02 3.322259e-04 4.394643e-01 2.909560e-02
9.700997e-02 3.322259e-04 4.394632e-01 2.909548e-02
9.767442e-02 3.322259e-04 4.394630e-01 2.909564e-02
9.833887e-02 3.322259e-04 4.394625e-01 2.909544e-02
9.900332e-02 3.322259e-04 4.394622e-01 2.909532e-02
9.966777e-02 3.322259e-04 4.394623e-01 2.909543e-02
