1.600000e-03 8.000000e-04 1.265118e-01 3.978834e-02
3.200000e-03 8.000000e-04 2.068750e-01 5.861783e-02
4.800000e-03 8.000000e-04 1.498827e-01 4.912311e-02
6.400000e-03 8.000000e-04 2.267248e-01 6.777989e-02
8.000000e-03 8.000000e-04 7.016951e-02 3.030870e-02
9.600000e-03 8.000000e-04 1.789841e-01 5.665966e-02
1.120000e-02 8.000000e-04 1.476729e-01 5.542223e-02
1.280000e-02 8.000000e-04 1.789839e-01 6.283193e-02
1.440000e-02 8.000000e-04 1.118419e-01 4.665257e-02
1.600000e-02 8.000000e-04 1.647565e-01 5.640078e-02
1.760000e-02 8.000000e-04 1.594014e-01 5.187303e-02
1.920000e-02 8.000000e-04 1.183168e-01 4.690763e-02
2.080000e-02 8.000000e-04 8.657628e-02 3.965931e-02
2.240000e-02 8.000000e-04 1.707405e-01 5.847825e-02
2.400000e-02 8.000000e-04 1.116965e-01 4.796425e-02
2.560000e-02 8.000000e-04 1.226411e-01 5.219907e-02
2.720000e-02 8.000000e-04 8.361444e-02 3.626012e-02
2.880000e-02 8.000000e-04 1.994785e-01 6.496929e-02
3.040000e-02 8.000000e-04 1.522581e-01 5.474481e-02
3.200000e-02 8.000000e-04 2.297705e-01 6.538364e-02
3.360000e-02 8.000000e-04 1.499422e-01 5.554154e-02
3.520000e-02 8.000000e-04 1.498476e-01 5.677602e-02
3.680000e-02 8.000000e-04 1.479611e-01 5.586065e-02
3.840000e-02 8.000000e-04 1.811938e-01 5.920985e-02
4.000000e-02 8.000000e-04 1.346831e-01 5.285020e-02
4.160000e-02 8.000000e-04 1.697935e-01 6.013154e-02
4.320000e-02 8.000000e-04 1.658586e-01 5.595105e-02
4.480000e-02 8.000000e-04 1.902548e-01 6.262828e-02
4.640000e-02 8.000000e-04 2.092174e-01 6.253585e-02
4.800000e-02 8.000000e-04 1.789611e-01 5.935271e-02
4.960000e-02 8.000000e-04 2.089564e-01 6.179197e-02
5.120000e-02 8.000000e-04 2.042072e-01 5.998050e-02
5.280000e-02 8.000000e-04 2.128522e-01 6.211258e-02
5.440000e-02 8.000000e-04 2.092164e-01 5.964845e-02
5.600000e-02 8.000000e-04 2.103759e-01 6.236841e-02
5.760000e-02 8.000000e-04 2.172254e-01 6.131919e-02
5.920000e-02 8.000000e-04 2.079756e-01 6.095243e-02
6.080000e-02 8.000000e-04 2.212190e-01 6.009143e-02
6.240000e-02 8.000000e-04 2.177346e-01 6.071685e-02
6.400000e-02 8.000000e-04 2.215117e-01 5.953278e-02
6.560000e-02 8.000000e-04 2.228367e-01 6.168122e-02
6.720000e-02 8.000000e-04 2.232102e-01 6.164934e-02
6.880000e-02 8.000000e-04 2.220686e-01 6.041604e-02
7.040000e-02 8.000000e-04 2.265900e-01 6.070728e-02
7.200000e-02 8.000000e-04 2.276142e-01 6.194025e-02
7.360000e-02 8.000000e-04 2.260102e-01 6.092748e-02
7.520000e-02 8.000000e-04 2.279069e-01 6.122729e-02
7.680000e-02 8.000000e-04 2.266456e-01 6.027307e-02
7.840000e-02 8.000000e-04 2.312565e-01 6.193077e-02
8.000000e-02 8.000000e-04 2.292371e-01 6.105639e-02
8.160000e-02 8.000000e-04 2.277002e-01 6.068126e-02
8.320000e-02 8.000000e-04 2.287758e-01 6.016849e-02
8.480000e-02 8.000000e-04 2.296139e-01 6.027984e-02
8.640000e-02 8.000000e-04 2.296289e-01 6.083831e-02
8.800000e-02 8.000000e-04 2.295090e-01 6.071219e-02
8.960000e-02 8.000000e-04 2.304126e-01 6.048566e-02
9.120000e-02 8.000000e-04 2.302918e-01 6.088353e-02
9.280000e-02 8.000000e-04 2.303908e-01 6.058483e-02
9.440000e-02 8.000000e-04 2.305635e-01 6.091655e-02
9.600000e-02 8.000000e-04 2.312224e-01 6.080142e-02
9.760000e-02 8.000000e-04 2.316796e-01 6.095620e-02
9.920000e-02 8.000000e-04 2.305278e-01 6.067324e-02
