7.017544e-04 3.508772e-04 6.009406e-01 2.425924e-02
1.403509e-03 3.508772e-04 6.138278e-01 3.628856e-02
2.105263e-03 3.508772e-04 2.776872e-01 4.738177e-02
2.807018e-03 3.508772e-04 2.434911e-01 3.500699e-02
3.508772e-03 3.508772e-04 2.614189e-01 4.616997e-02
4.210526e-03 3.508772e-04 1.484385e-01 4.665333e-02
4.912281e-03 3.508772e-04 2.967210e-01 5.575207e-02
5.614035e-03 3.508772e-04 2.332413e-01 4.731065e-02
6.315789e-03 3.508772e-04 2.496752e-01 5.004954e-02
7.017544e-03 3.508772e-04 2.708150e-01 4.877106e-02
7.719298e-03 3.508772e-04 3.206329e-01 5.682808e-02
8.421053e-03 3.508772e-04 1.568723e-01 4.074663e-02
9.122807e-03 3.508772e-04 2.482804e-01 4.508111e-02
9.824561e-03 3.508772e-04 1.782829e-01 4.272632e-02
1.052632e-02 3.508772e-04 1.109483e-01 3.171352e-02
1.122807e-02 3.508772e-04 1.928650e-01 4.134756e-02
1.192982e-02 3.508772e-04 2.537868e-01 4.896483e-02
1.263158e-02 3.508772e-04 3.746539e-01 4.615754e-02
1.333333e-02 3.508772e-04 2.300609e-01 4.623746e-02
1.403509e-02 3.508772e-04 3.109243e-01 4.323570e-02
1.473684e-02 3.508772e-04 1.419238e-01 3.625219e-02
1.543860e-02 3.508772e-04 2.382187e-01 3.951282e-02
1.614035e-02 3.508772e-04 2.309100e-01 4.089227e-02
1.684211e-02 3.508772e-04 2.359957e-01 4.077504e-02
1.754386e-02 3.508772e-04 2.548524e-01 3.930658e-02
1.824561e-02 3.508772e-04 2.347961e-01 3.927866e-02
1.894737e-02 3.508772e-04 3.115986e-01 4.297654e-02
1.964912e-02 3.508772e-04 2.707620e-01 3.792871e-02
2.035088e-02 3.508772e-04 2.728855e-01 3.846170e-02
2.105263e-02 3.508772e-04 2.885374e-01 3.913491e-02
2.175439e-02 3.508772e-04 2.577040e-01 3.660186e-02
2.245614e-02 3.508772e-04 2.757893e-01 3.764769e-02
2.315789e-02 3.508772e-04 2.902743e-01 3.736690e-02
2.385965e-02 3.508772e-04 2.772247e-01 3.739398e-02
2.456140e-02 3.508772e-04 2.754439e-01 3.561286e-02
2.526316e-02 3.508772e-04 2.786274e-01 3.687397e-02
2.596491e-02 3.508772e-04 2.765451e-01 3.592756e-02
2.666667e-02 3.508772e-04 2.780594e-01 3.605948e-02
2.736842e-02 3.508772e-04 2.809990e-01 3.680362e-02
2.807018e-02 3.508772e-04 2.751634e-01 3.573198e-02
2.877193e-02 3.508772e-04 2.780653e-01 3.599709e-02
2.947368e-02 3.508772e-04 2.784242e-01 3.566897e-02
3.017544e-02 3.508772e-04 2.787679e-01 3.549870e-02
3.087719e-02 3.508772e-04 2.783821e-01 3.535564e-02
3.157895e-02 3.508772e-04 2.794524e-01 3.569470e-02
3.228070e-02 3.508772e-04 2.798835e-01 3.545041e-02
3.298246e-02 3.508772e-04 2.790903e-01 3.564705e-02
3.368421e-02 3.508772e-04 2.794345e-01 3.555914e-02
3.438596e-02 3.508772e-04 2.794182e-01 3.547167e-02
3.508772e-02 3.508772e-04 2.786753e-01 3.544590e-02
3.578947e-02 3.508772e-04 2.789214e-01 3.538813e-02
3.649123e-02 3.508772e-04 2.790986e-01 3.529089e-02
3.719298e-02 3.508772e-04 2.791920e-01 3.521157e-02
3.789474e-02 3.508772e-04 2.788863e-01 3.526802e-02
3.859649e-02 3.508772e-04 2.790808e-01 3.531171e-02
3.929825e-02 3.508772e-04 2.789581e-01 3.526945e-02
4.000000e-02 3.508772e-04 2.792652e-01 3.528972e-02
4.070175e-02 3.508772e-04 2.789471e-01 3.512524e-02
4.140351e-02 3.508772e-04 2.790242e-01 3.518118e-02
4.210526e-02 3.508772e-04 2.789163e-01 3.518468e-02
4.280702e-02 3.508772e-04 2.790956e-01 3.520984e-02
4.350877e-02 3.508772e-04 2.790868e-01 3.516481e-02
4.421053e-02 3.508772e-04 2.789909e-01 3.518031e-02
4.491228e-02 3.508772e-04 2.790872e-01 3.515234e-02
4.561404e-02 3.508772e-04 2.790519e-01 3.518008e-02
4.631579e-02 3.508772e-04 2.790013e-01 3.514684e-02
4.701754e-02 3.508772e-04 2.789717e-01 3.514604e-02
4.771930e-02 3.508772e-04 2.790098e-01 3.515730e-02
4.842105e-02 3.508772e-04 2.790129e-01 3.514933e-02
4.912281e-02 3.508772e-04 2.789803e-01 3.515360e-02
4.982456e-02 3.508772e-04 2.789904e-01 3.513103e-02
5.052632e-02 3.508772e-04 2.790021e-01 3.513591e-02
5.122807e-02 3.508772e-04 2.790051e-01 3.513107e-02
5.192982e-02 3.508772e-04 2.789948e-01 3.512414e-02
5.263158e-02 3.508772e-04 2.790307e-01 3.512805e-02
5.333333e-02 3.508772e-04 2.790097e-01 3.512298e-02
5.403509e-02 3.508772e-04 2.790043e-01 3.512819e-02
5.473684e-02 3.508772e-04 2.789942e-01 3.512531e-02
5.543860e-02 3.508772e-04 2.789866e-01 3.512066e-02
5.614035e-02 3.508772e-04 2.790020e-01 3.512204e-02
5.684211e-02 3.508772e-04 2.790034e-01 3.512212e-02
5.754386e-02 3.508772e-04 2.789887e-01 3.511723e-02
5.824561e-02 3.508772e-04 2.789953e-01 3.511923e-02
5.894737e-02 3.508772e-04 2.789891e-01 3.511557e-02
5.964912e-02 3.508772e-04 2.789887e-01 3.511265e-02
6.035088e-02 3.508772e-04 2.789829e-01 3.511009e-02
6.105263e-02 3.508772e-04 2.789889e-01 3.511257e-02
6.175439e-02 3.508772e-04 2.789838e-01 3.510851e-02
6.245614e-02 3.508772e-04 2.789823e-01 3.511005e-02
6.315789e-02 3.508772e-04 2.789815e-01 3.510816e-02
6.385965e-02 3.508772e-04 2.789786e-01 3.510576e-02
6.456140e-02 3.508772e-04 2.789805e-01 3.510604e-02
6.526316e-02 3.508772e-04 2.789739e-01 3.510486e-02
6.596491e-02 3.508772e-04 2.789788e-01 3.510332e-02
6.666667e-02 3.508772e-04 2.789764e-01 3.510363e-02
6.736842e-02 3.508772e-04 2.789768e-01 3.510298e-02
6.807018e-02 3.508772e-04 2.789748e-01 3.510251e-02
6.877193e-02 3.508772e-04 2.789768e-01 3.510118e-02
6.947368e-02 3.508772e-04 2.789741e-01 3.510016e-02
7.017544e-02 3.508772e-04 2.789730e-01 3.510009e-02
7.087719e-02 3.508772e-04 2.789726e-01 3.509873e-02
7.157895e-02 3.508772e-04 2.789711e-01 3.509884e-02
7.228070e-02 3.508772e-04 2.789711e-01 3.509792e-02
7.298246e-02 3.508772e-04 2.789688e-01 3.509724e-02
7.368421e-02 3.508772e-04 2.789706e-01 3.509694e-02
7.438596e-02 3.508772e-04 2.789694e-01 3.509587e-02
7.508772e-02 3.508772e-04 2.789695e-01 3.509556e-02
7.578947e-02 3.508772e-04 2.789681e-01 3.509506e-02
7.649123e-02 3.508772e-04 2.789675e-01 3.509459e-02
7.719298e-02 3.508772e-04 2.789672e-01 3.509399e-02
7.789474e-02 3.508772e-04 2.789671e-01 3.509381e-02
7.859649e-02 3.508772e-04 2.789668e-01 3.509314e-02
7.929825e-02 3.508772e-04 2.789661e-01 3.509254e-02
8.000000e-02 3.508772e-04 2.789653e-01 3.509233e-02
8.070175e-02 3.508772e-04 2.789651e-01 3.509192e-02
8.140351e-02 3.508772e-04 2.789650e-01 3.509166e-02
8.210526e-02 3.508772e-04 2.789645e-01 3.509127e-02
8.280702e-02 3.508772e-04 2.789644e-01 3.509092e-02
8.350877e-02 3.508772e-04 2.789641e-01 3.509059e-02
8.421053e-02 3.508772e-04 2.789638e-01 3.509037e-02
8.491228e-02 3.508772e-04 2.789633e-01 3.508999e-02
8.561404e-02 3.508772e-04 2.789633e-01 3.508979e-02
8.631579e-02 3.508772e-04 2.789631e-01 3.508968e-02
8.701754e-02 3.508772e-04 2.789631e-01 3.508936e-02
8.771930e-02 3.508772e-04 2.789626e-01 3.508920e-02
8.842105e-02 3.508772e-04 2.789629e-01 3.508909e-02
8.912281e-02 3.508772e-04 2.789619e-01 3.508861e-02
8.982456e-02 3.508772e-04 2.789623e-01 3.508850e-02
9.052632e-02 3.508772e-04 2.789620e-01 3.508837e-02
9.122807e-02 3.508772e-04 2.789618e-01 3.508817e-02
9.192982e-02 3.508772e-04 2.789616e-01 3.508823e-02
9.263158e-02 3.508772e-04 2.789615e-01 3.508788e-02
9.333333e-02 3.508772e-04 2.789619e-01 3.508791e-02
9.403509e-02 3.508772e-04 2.789614e-01 3.508771e-02
9.473684e-02 3.508772e-04 2.789611e-01 3.508772e-02
9.543860e-02 3.508772e-04 2.789611e-01 3.508766e-02
9.614035e-02 3.508772e-04 2.789613e-01 3.508743e-02
9.684211e-02 3.508772e-04 2.789610e-01 3.508744e-02
9.754386e-02 3.508772e-04 2.789611e-01 3.508731e-02
9.824561e-02 3.508772e-04 2.789609e-01 3.508733e-02
9.894737e-02 3.508772e-04 2.789609e-01 3.508735e-02
9.964912e-02 3.508772e-04 2.789610e-01 3.508735e-02
