7.518797e-04 3.759398e-04 2.990894e-01 1.608284e-02
1.503759e-03 3.759398e-04 3.877526e-01 3.064417e-02
2.255639e-03 3.759398e-04 3.734920e-01 4.321037e-02
3.007519e-03 3.759398e-04 3.375256e-01 3.792990e-02
3.759398e-03 3.759398e-04 2.613599e-01 4.188659e-02
4.511278e-03 3.759398e-04 3.495629e-01 5.493876e-02
5.263158e-03 3.759398e-04 2.311839e-01 6.214220e-02
6.015038e-03 3.759398e-04 3.050161e-01 6.425236e-02
6.766917e-03 3.759398e-04 2.959274e-01 6.875776e-02
7.518797e-03 3.759398e-04 2.559824e-01 6.472148e-02
8.270677e-03 3.759398e-04 2.151455e-01 6.173206e-02
9.022556e-03 3.759398e-04 2.340179e-01 6.080216e-02
9.774436e-03 3.759398e-04 1.877519e-01 5.483617e-02
1.052632e-02 3.759398e-04 1.708483e-01 5.624254e-02
1.127820e-02 3.759398e-04 2.607785e-01 6.361165e-02
1.203008e-02 3.759398e-04 1.585743e-01 5.476464e-02
1.278195e-02 3.759398e-04 1.597663e-01 6.049068e-02
1.353383e-02 3.759398e-04 2.024932e-01 6.199692e-02
1.428571e-02 3.759398e-04 1.687169e-01 6.082407e-02
1.503759e-02 3.759398e-04 1.502415e-01 5.396317e-02
1.578947e-02 3.759398e-04 1.010156e-01 4.337976e-02
1.654135e-02 3.759398e-04 2.021461e-01 6.361335e-02
1.729323e-02 3.759398e-04 1.745028e-01 5.970772e-02
1.804511e-02 3.759398e-04 1.505478e-01 5.518087e-02
1.879699e-02 3.759398e-04 1.845759e-01 6.343209e-02
1.954887e-02 3.759398e-04 1.936482e-01 6.176546e-02
2.030075e-02 3.759398e-04 2.844265e-01 6.945459e-02
2.105263e-02 3.759398e-04 1.956513e-01 6.392473e-02
2.180451e-02 3.759398e-04 2.784116e-01 6.855682e-02
2.255639e-02 3.759398e-04 1.480292e-01 5.647291e-02
2.330827e-02 3.759398e-04 2.520440e-01 6.685462e-02
2.406015e-02 3.759398e-04 1.791634e-01 6.096032e-02
2.481203e-02 3.759398e-04 1.747983e-01 6.322038e-02
2.556391e-02 3.759398e-04 1.561098e-01 6.211738e-02
2.631579e-02 3.759398e-04 1.844945e-01 6.377340e-02
2.706767e-02 3.759398e-04 1.648840e-01 5.998751e-02
2.781955e-02 3.759398e-04 1.974328e-01 6.639576e-02
2.857143e-02 3.759398e-04 1.867985e-01 6.583383e-02
2.932331e-02 3.759398e-04 1.737018e-01 5.994720e-02
3.007519e-02 3.759398e-04 1.691449e-01 6.312210e-02
3.082707e-02 3.759398e-04 1.741366e-01 6.250032e-02
3.157895e-02 3.759398e-04 1.592839e-01 5.941380e-02
3.233083e-02 3.759398e-04 1.300644e-01 5.408059e-02
3.308271e-02 3.759398e-04 1.570565e-01 5.908262e-02
3.383459e-02 3.759398e-04 1.596041e-01 6.094378e-02
3.458647e-02 3.759398e-04 1.574894e-01 5.919638e-02
3.533835e-02 3.759398e-04 1.610406e-01 5.917384e-02
3.609023e-02 3.759398e-04 1.672658e-01 6.393541e-02
3.684211e-02 3.759398e-04 1.661555e-01 6.157747e-02
3.759398e-02 3.759398e-04 1.520382e-01 5.997433e-02
3.834586e-02 3.759398e-04 1.858106e-01 6.422408e-02
3.909774e-02 3.759398e-04 1.767123e-01 6.092574e-02
3.984962e-02 3.759398e-04 1.999500e-01 6.777394e-02
4.060150e-02 3.759398e-04 1.503147e-01 5.662422e-02
4.135338e-02 3.759398e-04 1.336607e-01 5.388904e-02
4.210526e-02 3.759398e-04 1.317733e-01 5.391425e-02
4.285714e-02 3.759398e-04 1.207589e-01 5.333337e-02
4.360902e-02 3.759398e-04 1.460754e-01 5.841383e-02
4.436090e-02 3.759398e-04 1.787539e-01 6.421218e-02
4.511278e-02 3.759398e-04 1.318345e-01 5.361446e-02
4.586466e-02 3.759398e-04 1.263129e-01 5.321782e-02
4.661654e-02 3.759398e-04 1.338453e-01 5.504058e-02
4.736842e-02 3.759398e-04 1.350848e-01 5.507842e-02
4.812030e-02 3.759398e-04 1.583666e-01 6.179917e-02
4.887218e-02 3.759398e-04 1.420203e-01 5.584088e-02
4.962406e-02 3.759398e-04 1.223666e-01 5.009607e-02
5.037594e-02 3.759398e-04 1.583476e-01 5.996438e-02
5.112782e-02 3.759398e-04 1.255181e-01 5.340100e-02
5.187970e-02 3.759398e-04 1.249069e-01 5.199099e-02
5.263158e-02 3.759398e-04 1.311987e-01 5.213665e-02
5.338346e-02 3.759398e-04 1.433058e-01 5.776378e-02
5.413534e-02 3.759398e-04 1.282790e-01 5.222029e-02
5.488722e-02 3.759398e-04 1.245685e-01 5.143089e-02
5.563910e-02 3.759398e-04 1.293599e-01 5.483775e-02
5.639098e-02 3.759398e-04 1.307914e-01 5.522480e-02
5.714286e-02 3.759398e-04 1.264035e-01 5.255293e-02
5.789474e-02 3.759398e-04 1.396429e-01 5.890346e-02
5.864662e-02 3.759398e-04 1.293541e-01 5.297304e-02
5.939850e-02 3.759398e-04 1.306324e-01 5.435234e-02
6.015038e-02 3.759398e-04 1.489743e-01 5.809352e-02
6.090226e-02 3.759398e-04 1.243333e-01 4.968450e-02
6.165414e-02 3.759398e-04 1.064855e-01 4.660307e-02
6.240602e-02 3.759398e-04 1.322506e-01 5.580967e-02
6.315789e-02 3.759398e-04 1.168462e-01 5.075579e-02
6.390977e-02 3.759398e-04 1.218537e-01 5.210010e-02
6.466165e-02 3.759398e-04 1.137767e-01 5.095544e-02
6.541353e-02 3.759398e-04 1.212311e-01 5.129848e-02
6.616541e-02 3.759398e-04 1.388017e-01 5.878919e-02
6.691729e-02 3.759398e-04 1.226428e-01 5.163782e-02
6.766917e-02 3.759398e-04 1.423327e-01 5.875630e-02
6.842105e-02 3.759398e-04 1.399480e-01 5.609996e-02
6.917293e-02 3.759398e-04 1.326997e-01 5.575126e-02
6.992481e-02 3.759398e-04 1.211531e-01 5.185087e-02
7.067669e-02 3.759398e-04 1.011261e-01 4.459389e-02
7.142857e-02 3.759398e-04 1.072527e-01 4.810499e-02
7.218045e-02 3.759398e-04 1.398721e-01 5.654268e-02
7.293233e-02 3.759398e-04 1.269541e-01 5.258706e-02
7.368421e-02 3.759398e-04 1.521404e-01 6.179381e-02
7.443609e-02 3.759398e-04 1.271025e-01 5.354248e-02
7.518797e-02 3.759398e-04 1.558586e-01 5.785376e-02
7.593985e-02 3.759398e-04 1.291731e-01 5.331488e-02
7.669173e-02 3.759398e-04 1.284519e-01 5.512481e-02
7.744361e-02 3.759398e-04 1.090029e-01 5.098145e-02
7.819549e-02 3.759398e-04 1.162172e-01 5.307588e-02
7.894737e-02 3.759398e-04 1.130798e-01 4.995928e-02
7.969925e-02 3.759398e-04 1.217157e-01 5.052138e-02
8.045113e-02 3.759398e-04 1.253986e-01 5.287177e-02
8.120301e-02 3.759398e-04 1.285855e-01 5.468984e-02
8.195489e-02 3.759398e-04 1.191527e-01 5.154238e-02
8.270677e-02 3.759398e-04 1.245598e-01 5.359005e-02
8.345865e-02 3.759398e-04 1.139748e-01 4.919047e-02
8.421053e-02 3.759398e-04 1.470616e-01 5.891675e-02
8.496241e-02 3.759398e-04 1.254193e-01 5.223985e-02
8.571429e-02 3.759398e-04 1.300572e-01 5.343242e-02
8.646617e-02 3.759398e-04 1.327624e-01 5.504254e-02
8.721805e-02 3.759398e-04 1.179561e-01 5.304792e-02
8.796992e-02 3.759398e-04 1.299391e-01 5.367828e-02
8.872180e-02 3.759398e-04 1.425636e-01 5.845498e-02
8.947368e-02 3.759398e-04 1.338378e-01 5.692278e-02
9.022556e-02 3.759398e-04 1.380219e-01 5.518187e-02
9.097744e-02 3.759398e-04 1.189200e-01 5.083816e-02
9.172932e-02 3.759398e-04 1.308912e-01 5.455822e-02
9.248120e-02 3.759398e-04 1.293219e-01 5.576676e-02
9.323308e-02 3.759398e-04 1.303063e-01 5.325199e-02
9.398496e-02 3.759398e-04 1.093667e-01 4.717776e-02
9.473684e-02 3.759398e-04 1.430297e-01 5.882070e-02
9.548872e-02 3.759398e-04 1.483450e-01 5.637911e-02
9.624060e-02 3.759398e-04 1.292101e-01 5.330218e-02
9.699248e-02 3.759398e-04 1.122555e-01 5.138588e-02
9.774436e-02 3.759398e-04 1.205854e-01 5.171737e-02
9.849624e-02 3.759398e-04 1.242333e-01 5.148440e-02
9.924812e-02 3.759398e-04 1.272649e-01 5.455978e-02
1.000000e-01 3.759398e-04 1.290357e-01 7.084168e-02
