9.523810e-04 4.761905e-04 5.444061e-01 3.947853e-02
1.904762e-03 4.761905e-04 7.198817e-01 3.650533e-02
2.857143e-03 4.761905e-04 5.524204e-01 6.856258e-02
3.809524e-03 4.761905e-04 3.225811e-01 6.472720e-02
4.761905e-03 4.761905e-04 2.764152e-01 6.296837e-02
5.714286e-03 4.761905e-04 3.899276e-01 6.578814e-02
6.666667e-03 4.761905e-04 3.215125e-01 7.504453e-02
7.619048e-03 4.761905e-04 2.240080e-01 6.306783e-02
8.571429e-03 4.761905e-04 4.087956e-01 6.869144e-02
9.523810e-03 4.761905e-04 2.753146e-01 6.107751e-02
1.047619e-02 4.761905e-04 3.225785e-01 6.650122e-02
1.142857e-02 4.761905e-04 4.356630e-01 6.756318e-02
1.238095e-02 4.761905e-04 3.589628e-01 6.783426e-02
1.333333e-02 4.761905e-04 4.721513e-01 6.957110e-02
1.428571e-02 4.761905e-04 3.657374e-01 6.203076e-02
1.523810e-02 4.761905e-04 5.483341e-01 6.541307e-02
1.619048e-02 4.761905e-04 5.295574e-01 7.342117e-02
1.714286e-02 4.761905e-04 5.248051e-01 7.096546e-02
1.809524e-02 4.761905e-04 5.577517e-01 6.479784e-02
1.904762e-02 4.761905e-04 5.965499e-01 6.449483e-02
2.000000e-02 4.761905e-04 6.132596e-01 6.741608e-02
2.095238e-02 4.761905e-04 6.240727e-01 6.688141e-02
2.190476e-02 4.761905e-04 6.294772e-01 6.636149e-02
2.285714e-02 4.761905e-04 6.193242e-01 6.734112e-02
2.380952e-02 4.761905e-04 6.346009e-01 6.797487e-02
2.476190e-02 4.761905e-04 6.396300e-01 6.684846e-02
2.571429e-02 4.761905e-04 6.404103e-01 6.582337e-02
2.666667e-02 4.761905e-04 6.399154e-01 6.568966e-02
2.761905e-02 4.761905e-04 6.414694e-01 6.594491e-02
2.857143e-02 4.761905e-04 6.448289e-01 6.577829e-02
2.952381e-02 4.761905e-04 6.441150e-01 6.537602e-02
3.047619e-02 4.761905e-04 6.435332e-01 6.612712e-02
3.142857e-02 4.761905e-04 6.461875e-01 6.592597e-02
3.238095e-02 4.761905e-04 6.471693e-01 6.558674e-02
3.333333e-02 4.761905e-04 6.463474e-01 6.592305e-02
3.428571e-02 4.761905e-04 6.470245e-01 6.552582e-02
3.523810e-02 4.761905e-04 6.476523e-01 6.554317e-02
3.619048e-02 4.761905e-04 6.476950e-01 6.571355e-02
3.714286e-02 4.761905e-04 6.482257e-01 6.558567e-02
3.809524e-02 4.761905e-04 6.478683e-01 6.543433e-02
3.904762e-02 4.761905e-04 6.481674e-01 6.549790e-02
4.000000e-02 4.761905e-04 6.480562e-01 6.557673e-02
4.095238e-02 4.761905e-04 6.481834e-01 6.563960e-02
4.190476e-02 4.761905e-04 6.482812e-01 6.556948e-02
4.285714e-02 4.761905e-04 6.482228e-01 6.560969e-02
4.380952e-02 4.761905e-04 6.483650e-01 6.558660e-02
4.476190e-02 4.761905e-04 6.482781e-01 6.561585e-02
4.571429e-02 4.761905e-04 6.483150e-01 6.557286e-02
4.666667e-02 4.761905e-04 6.483117e-01 6.558909e-02
4.761905e-02 4.761905e-04 6.483436e-01 6.557017e-02
4.857143e-02 4.761905e-04 6.483539e-01 6.556454e-02
4.952381e-02 4.761905e-04 6.484079e-01 6.558443e-02
5.047619e-02 4.761905e-04 6.483841e-01 6.556188e-02
5.142857e-02 4.761905e-04 6.483771e-01 6.557053e-02
5.238095e-02 4.761905e-04 6.483945e-01 6.556992e-02
5.333333e-02 4.761905e-04 6.484152e-01 6.557357e-02
5.428571e-02 4.761905e-04 6.484066e-01 6.557361e-02
5.523810e-02 4.761905e-04 6.484222e-01 6.557641e-02
5.619048e-02 4.761905e-04 6.484082e-01 6.557139e-02
5.714286e-02 4.761905e-04 6.484277e-01 6.557168e-02
5.809524e-02 4.761905e-04 6.484319e-01 6.556619e-02
5.904762e-02 4.761905e-04 6.484344e-01 6.556486e-02
6.000000e-02 4.761905e-04 6.484459e-01 6.556674e-02
6.095238e-02 4.761905e-04 6.484391e-01 6.556803e-02
6.190476e-02 4.761905e-04 6.484459e-01 6.556581e-02
6.285714e-02 4.761905e-04 6.484467e-01 6.556683e-02
6.380952e-02 4.761905e-04 6.484530e-01 6.556457e-02
6.476190e-02 4.761905e-04 6.484556e-01 6.556523e-02
6.571429e-02 4.761905e-04 6.484581e-01 6.556515e-02
6.666667e-02 4.761905e-04 6.484632e-01 6.556256e-02
6.761905e-02 4.761905e-04 6.484652e-01 6.556362e-02
6.857143e-02 4.761905e-04 6.484645e-01 6.556425e-02
6.952381e-02 4.761905e-04 6.484677e-01 6.556262e-02
7.047619e-02 4.761905e-04 6.484683e-01 6.556248e-02
7.142857e-02 4.761905e-04 6.484739e-01 6.556238e-02
7.238095e-02 4.761905e-04 6.484750e-01 6.556151e-02
7.333333e-02 4.761905e-04 6.484758e-01 6.556085e-02
7.428571e-02 4.761905e-04 6.484780e-01 6.556109e-02
7.523810e-02 4.761905e-04 6.484788e-01 6.556062e-02
7.619048e-02 4.761905e-04 6.484815e-01 6.556026e-02
7.714286e-02 4.761905e-04 6.484825e-01 6.556048e-02
7.809524e-02 4.761905e-04 6.484848e-01 6.556008e-02
7.904762e-02 4.761905e-04 6.484859e-01 6.555988e-02
8.000000e-02 4.761905e-04 6.484868e-01 6.555964e-02
8.095238e-02 4.761905e-04 6.484886e-01 6.555930e-02
8.190476e-02 4.761905e-04 6.484894e-01 6.555918e-02
8.285714e-02 4.761905e-04 6.484907e-01 6.555917e-02
8.380952e-02 4.761905e-04 6.484914e-01 6.555896e-02
8.476190e-02 4.761905e-04 6.484926e-01 6.555886e-02
8.571429e-02 4.761905e-04 6.484934e-01 6.555881e-02
8.666667e-02 4.761905e-04 6.484938e-01 6.555863e-02
8.761905e-02 4.761905e-04 6.484948e-01 6.555848e-02
8.857143e-02 4.761905e-04 6.484953e-01 6.555838e-02
8.952381e-02 4.761905e-04 6.484963e-01 6.555831e-02
9.047619e-02 4.761905e-04 6.484966e-01 6.555812e-02
9.142857e-02 4.761905e-04 6.484971e-01 6.555810e-02
9.238095e-02 4.761905e-04 6.484977e-01 6.555806e-02
9.333333e-02 4.761905e-04 6.484979e-01 6.555803e-02
9.428571e-02 4.761905e-04 6.484983e-01 6.555794e-02
9.523810e-02 4.761905e-04 6.484989e-01 6.555791e-02
9.619048e-02 4.761905e-04 6.484993e-01 6.555789e-02
9.714286e-02 4.761905e-04 6.484991e-01 6.555780e-02
9.809524e-02 4.761905e-04 6.484993e-01 6.555787e-02
9.904762e-02 4.761905e-04 6.484994e-01 6.555762e-02
1.000000e-01 4.761905e-04 6.484997e-01 6.555790e-02
