1.117318e-03 5.586592e-04 5.542198e-01 1.261448e-02
2.234637e-03 5.586592e-04 3.769926e-01 2.782253e-02
3.351955e-03 5.586592e-04 2.485663e-01 2.955561e-02
4.469274e-03 5.586592e-04 2.718945e-01 5.539315e-02
5.586592e-03 5.586592e-04 2.684907e-01 5.011638e-02
6.703911e-03 5.586592e-04 4.474510e-01 5.560518e-02
7.821229e-03 5.586592e-04 4.146474e-01 6.398234e-02
8.938547e-03 5.586592e-04 3.151095e-01 5.588850e-02
1.005587e-02 5.586592e-04 2.296357e-01 5.140169e-02
1.117318e-02 5.586592e-04 1.763314e-01 5.512130e-02
1.229050e-02 5.586592e-04 2.575878e-01 5.198401e-02
1.340782e-02 5.586592e-04 2.734420e-01 6.478592e-02
1.452514e-02 5.586592e-04 3.054381e-01 6.799158e-02
1.564246e-02 5.586592e-04 2.636669e-01 5.490705e-02
1.675978e-02 5.586592e-04 2.453802e-01 5.905848e-02
1.787709e-02 5.586592e-04 3.296362e-01 5.634064e-02
1.899441e-02 5.586592e-04 3.584586e-01 6.090114e-02
2.011173e-02 5.586592e-04 4.777712e-01 6.141483e-02
2.122905e-02 5.586592e-04 3.221443e-01 5.923785e-02
2.234637e-02 5.586592e-04 3.824960e-01 6.343466e-02
2.346369e-02 5.586592e-04 4.769543e-01 5.690031e-02
2.458101e-02 5.586592e-04 4.973002e-01 6.268699e-02
2.569832e-02 5.586592e-04 4.768104e-01 5.743546e-02
2.681564e-02 5.586592e-04 4.944923e-01 6.252846e-02
2.793296e-02 5.586592e-04 4.766184e-01 5.693845e-02
2.905028e-02 5.586592e-04 5.315487e-01 5.671099e-02
3.016760e-02 5.586592e-04 5.108298e-01 5.466156e-02
3.128492e-02 5.586592e-04 5.300330e-01 5.660376e-02
3.240223e-02 5.586592e-04 5.490574e-01 5.467090e-02
3.351955e-02 5.586592e-04 5.427979e-01 5.368123e-02
3.463687e-02 5.586592e-04 5.385924e-01 5.472048e-02
3.575419e-02 5.586592e-04 5.609545e-01 5.030237e-02
3.687151e-02 5.586592e-04 5.473039e-01 5.247366e-02
3.798883e-02 5.586592e-04 5.613209e-01 5.095974e-02
3.910615e-02 5.586592e-04 5.810120e-01 5.154999e-02
4.022346e-02 5.586592e-04 5.653365e-01 5.055906e-02
4.134078e-02 5.586592e-04 5.789816e-01 5.003447e-02
4.245810e-02 5.586592e-04 5.720270e-01 5.003806e-02
4.357542e-02 5.586592e-04 5.795834e-01 4.968295e-02
4.469274e-02 5.586592e-04 5.784919e-01 4.977848e-02
4.581006e-02 5.586592e-04 5.786923e-01 4.908089e-02
4.692737e-02 5.586592e-04 5.821594e-01 4.931492e-02
4.804469e-02 5.586592e-04 5.804878e-01 4.953311e-02
4.916201e-02 5.586592e-04 5.818022e-01 4.858831e-02
5.027933e-02 5.586592e-04 5.826834e-01 4.855980e-02
5.139665e-02 5.586592e-04 5.844786e-01 4.893567e-02
5.251397e-02 5.586592e-04 5.831957e-01 4.855534e-02
5.363128e-02 5.586592e-04 5.845556e-01 4.803026e-02
5.474860e-02 5.586592e-04 5.845642e-01 4.868052e-02
5.586592e-02 5.586592e-04 5.855694e-01 4.851719e-02
5.698324e-02 5.586592e-04 5.865513e-01 4.835452e-02
5.810056e-02 5.586592e-04 5.861413e-01 4.853035e-02
5.921788e-02 5.586592e-04 5.869524e-01 4.831803e-02
6.033520e-02 5.586592e-04 5.864006e-01 4.830488e-02
6.145251e-02 5.586592e-04 5.868042e-01 4.840875e-02
6.256983e-02 5.586592e-04 5.869327e-01 4.833054e-02
6.368715e-02 5.586592e-04 5.869025e-01 4.835233e-02
6.480447e-02 5.586592e-04 5.872653e-01 4.826721e-02
6.592179e-02 5.586592e-04 5.868693e-01 4.821752e-02
6.703911e-02 5.586592e-04 5.873862e-01 4.834895e-02
6.815642e-02 5.586592e-04 5.870826e-01 4.830643e-02
6.927374e-02 5.586592e-04 5.872586e-01 4.819564e-02
7.039106e-02 5.586592e-04 5.875995e-01 4.820232e-02
7.150838e-02 5.586592e-04 5.871986e-01 4.815608e-02
7.262570e-02 5.586592e-04 5.873793e-01 4.818938e-02
7.374302e-02 5.586592e-04 5.874508e-01 4.809484e-02
7.486034e-02 5.586592e-04 5.873200e-01 4.812773e-02
7.597765e-02 5.586592e-04 5.874657e-01 4.815442e-02
7.709497e-02 5.586592e-04 5.874429e-01 4.817838e-02
7.821229e-02 5.586592e-04 5.875655e-01 4.810029e-02
7.932961e-02 5.586592e-04 5.875631e-01 4.812745e-02
8.044693e-02 5.586592e-04 5.875142e-01 4.812243e-02
8.156425e-02 5.586592e-04 5.876088e-01 4.809558e-02
8.268156e-02 5.586592e-04 5.876507e-01 4.808945e-02
8.379888e-02 5.586592e-04 5.875632e-01 4.812804e-02
8.491620e-02 5.586592e-04 5.876290e-01 4.809087e-02
8.603352e-02 5.586592e-04 5.875796e-01 4.807718e-02
8.715084e-02 5.586592e-04 5.876099e-01 4.807750e-02
8.826816e-02 5.586592e-04 5.876189e-01 4.806217e-02
8.938547e-02 5.586592e-04 5.876107e-01 4.806947e-02
9.050279e-02 5.586592e-04 5.876287e-01 4.807260e-02
9.162011e-02 5.586592e-04 5.876582e-01 4.806329e-02
9.273743e-02 5.586592e-04 5.876318e-01 4.805410e-02
9.385475e-02 5.586592e-04 5.876268e-01 4.806491e-02
9.497207e-02 5.586592e-04 5.876394e-01 4.806766e-02
9.608939e-02 5.586592e-04 5.876696e-01 4.806866e-02
9.720670e-02 5.586592e-04 5.876443e-01 4.807211e-02
9.832402e-02 5.586592e-04 5.876445e-01 4.806821e-02
9.944134e-02 5.586592e-04 5.876513e-01 4.806138e-02
