6.644518e-04 3.322259e-04 1.644886e+02 1.870212e+00
1.328904e-03 3.322259e-04 8.261137e+01 5.344319e+00
1.993355e-03 3.322259e-04 9.677920e+01 4.965933e+00
2.657807e-03 3.322259e-04 8.803891e+00 6.877147e+00
3.322259e-03 3.322259e-04 -7.754850e+00 8.092193e+00
3.986711e-03 3.322259e-04 4.440732e+00 1.054654e+01
4.651163e-03 3.322259e-04 1.477046e+01 4.401248e+00
5.315615e-03 3.322259e-04 1.136186e+01 4.782425e+00
5.980066e-03 3.322259e-04 -9.472344e+00 3.924823e+00
6.644518e-03 3.322259e-04 -1.398264e+00 6.495579e+00
7.308970e-03 3.322259e-04 -4.181528e+00 3.108175e+00
7.973422e-03 3.322259e-04 6.529990e+00 2.457097e+00
8.637874e-03 3.322259e-04 1.213703e+00 3.457752e+00
9.302326e-03 3.322259e-04 1.225237e+00 1.902390e+00
9.966777e-03 3.322259e-04 -4.605304e-01 2.843917e+00
1.063123e-02 3.322259e-04 -1.447534e+00 1.730536e+00
1.129568e-02 3.322259e-04 2.450491e-01 1.526286e+00
1.196013e-02 3.322259e-04 -2.540389e-01 1.916390e+00
1.262458e-02 3.322259e-04 -2.474422e+00 1.095365e+00
1.328904e-02 3.322259e-04 -1.129123e-01 1.153195e+00
1.395349e-02 3.322259e-04 1.823348e-01 1.154500e+00
1.461794e-02 3.322259e-04 3.647940e+00 1.112288e+00
1.528239e-02 3.322259e-04 2.510434e+00 9.832545e-01
1.594684e-02 3.322259e-04 2.450623e+00 7.055772e-01
1.661130e-02 3.322259e-04 1.926916e+00 6.002582e-01
1.727575e-02 3.322259e-04 9.998321e-01 4.961776e-01
1.794020e-02 3.322259e-04 6.176340e-01 4.829834e-01
1.860465e-02 3.322259e-04 1.074070e+00 4.113095e-01
1.926910e-02 3.322259e-04 2.871765e-01 3.846802e-01
1.993355e-02 3.322259e-04 4.765665e-02 3.636688e-01
2.059801e-02 3.322259e-04 3.367847e-01 3.286870e-01
2.126246e-02 3.322259e-04 4.603572e-01 3.045144e-01
2.192691e-02 3.322259e-04 2.375182e-01 2.623545e-01
2.259136e-02 3.322259e-04 4.384815e-01 2.428526e-01
2.325581e-02 3.322259e-04 3.598482e-01 2.086907e-01
2.392027e-02 3.322259e-04 3.611289e-01 1.897894e-01
2.458472e-02 3.322259e-04 2.710078e-01 1.659618e-01
2.524917e-02 3.322259e-04 2.986518e-01 1.538056e-01
2.591362e-02 3.322259e-04 3.024821e-01 1.393108e-01
2.657807e-02 3.322259e-04 2.535864e-01 1.216122e-01
2.724252e-02 3.322259e-04 2.520169e-01 1.078204e-01
2.790698e-02 3.322259e-04 2.320958e-01 9.820586e-02
2.857143e-02 3.322259e-04 2.414226e-01 9.087724e-02
2.923588e-02 3.322259e-04 2.348563e-01 8.080927e-02
2.990033e-02 3.322259e-04 2.244511e-01 7.657208e-02
3.056478e-02 3.322259e-04 1.991499e-01 6.690540e-02
3.122924e-02 3.322259e-04 1.978228e-01 6.160987e-02
3.189369e-02 3.322259e-04 1.921028e-01 5.608793e-02
3.255814e-02 3.322259e-04 1.680126e-01 5.074445e-02
3.322259e-02 3.322259e-04 1.514839e-01 4.931904e-02
3.388704e-02 3.322259e-04 1.529446e-01 4.487353e-02
3.455150e-02 3.322259e-04 1.440544e-01 4.021685e-02
3.521595e-02 3.322259e-04 1.361765e-01 3.886656e-02
3.588040e-02 3.322259e-04 1.313323e-01 3.587114e-02
3.654485e-02 3.322259e-04 1.280674e-01 3.325231e-02
3.720930e-02 3.322259e-04 1.195058e-01 3.075370e-02
3.787375e-02 3.322259e-04 1.181581e-01 2.962038e-02
3.853821e-02 3.322259e-04 1.101223e-01 2.685185e-02
3.920266e-02 3.322259e-04 1.070525e-01 2.508344e-02
3.986711e-02 3.322259e-04 1.021556e-01 2.405788e-02
4.053156e-02 3.322259e-04 9.876871e-02 2.233361e-02
4.119601e-02 3.322259e-04 9.440717e-02 2.125370e-02
4.186047e-02 3.322259e-04 9.161061e-02 2.035489e-02
4.252492e-02 3.322259e-04 8.765137e-02 1.892905e-02
4.318937e-02 3.322259e-04 8.497570e-02 1.815459e-02
4.385382e-02 3.322259e-04 8.198688e-02 1.790317e-02
4.451827e-02 3.322259e-04 7.900403e-02 1.688363e-02
4.518272e-02 3.322259e-04 7.579320e-02 1.613692e-02
4.584718e-02 3.322259e-04 7.347256e-02 1.549956e-02
4.651163e-02 3.322259e-04 7.035622e-02 1.486107e-02
4.717608e-02 3.322259e-04 6.786648e-02 1.424493e-02
4.784053e-02 3.322259e-04 6.573226e-02 1.371087e-02
4.850498e-02 3.322259e-04 6.338834e-02 1.316443e-02
4.916944e-02 3.322259e-04 6.135779e-02 1.264230e-02
4.983389e-02 3.322259e-04 5.884176e-02 1.210477e-02
5.049834e-02 3.322259e-04 5.701043e-02 1.175251e-02
5.116279e-02 3.322259e-04 5.480834e-02 1.119619e-02
5.182724e-02 3.322259e-04 5.320080e-02 1.086765e-02
5.249169e-02 3.322259e-04 5.131435e-02 1.056333e-02
5.315615e-02 3.322259e-04 4.950476e-02 1.010243e-02
5.382060e-02 3.322259e-04 4.801861e-02 9.766097e-03
5.448505e-02 3.322259e-04 4.638852e-02 9.514956e-03
5.514950e-02 3.322259e-04 4.471631e-02 9.103297e-03
5.581395e-02 3.322259e-04 4.328044e-02 8.856313e-03
5.647841e-02 3.322259e-04 4.180453e-02 8.541218e-03
5.714286e-02 3.322259e-04 4.050129e-02 8.225256e-03
5.780731e-02 3.322259e-04 3.914048e-02 7.952215e-03
5.847176e-02 3.322259e-04 3.788229e-02 7.676177e-03
5.913621e-02 3.322259e-04 3.660122e-02 7.441413e-03
5.980066e-02 3.322259e-04 3.543083e-02 7.209214e-03
6.046512e-02 3.322259e-04 3.426704e-02 6.946075e-03
6.112957e-02 3.322259e-04 3.311746e-02 6.734025e-03
6.179402e-02 3.322259e-04 3.203733e-02 6.513525e-03
6.245847e-02 3.322259e-04 3.094428e-02 6.289734e-03
6.312292e-02 3.322259e-04 2.995319e-02 6.075877e-03
6.378738e-02 3.322259e-04 2.892581e-02 5.878167e-03
6.445183e-02 3.322259e-04 2.798581e-02 5.671383e-03
6.511628e-02 3.322259e-04 2.705340e-02 5.489757e-03
6.578073e-02 3.322259e-04 2.613395e-02 5.297276e-03
6.644518e-02 3.322259e-04 2.526446e-02 5.122747e-03
6.710963e-02 3.322259e-04 2.442153e-02 4.952151e-03
6.777409e-02 3.322259e-04 2.357661e-02 4.777428e-03
6.843854e-02 3.322259e-04 2.277422e-02 4.612119e-03
6.910299e-02 3.322259e-04 2.199065e-02 4.458138e-03
6.976744e-02 3.322259e-04 2.123825e-02 4.301413e-03
7.043189e-02 3.322259e-04 2.048627e-02 4.148097e-03
7.109635e-02 3.322259e-04 1.975852e-02 4.004291e-03
7.176080e-02 3.322259e-04 1.905917e-02 3.860052e-03
7.242525e-02 3.322259e-04 1.837339e-02 3.721539e-03
7.308970e-02 3.322259e-04 1.770647e-02 3.587469e-03
7.375415e-02 3.322259e-04 1.705905e-02 3.456107e-03
7.441860e-02 3.322259e-04 1.642339e-02 3.326517e-03
7.508306e-02 3.322259e-04 1.580431e-02 3.198910e-03
7.574751e-02 3.322259e-04 1.520291e-02 3.078248e-03
7.641196e-02 3.322259e-04 1.461377e-02 2.960258e-03
7.707641e-02 3.322259e-04 1.403873e-02 2.843622e-03
7.774086e-02 3.322259e-04 1.347813e-02 2.728989e-03
7.840532e-02 3.322259e-04 1.292897e-02 2.618473e-03
7.906977e-02 3.322259e-04 1.239539e-02 2.509340e-03
7.973422e-02 3.322259e-04 1.187102e-02 2.404159e-03
8.039867e-02 3.322259e-04 1.136128e-02 2.301128e-03
8.106312e-02 3.322259e-04 1.085981e-02 2.199473e-03
8.172757e-02 3.322259e-04 1.037007e-02 2.100548e-03
8.239203e-02 3.322259e-04 9.891768e-03 2.003243e-03
8.305648e-02 3.322259e-04 9.423161e-03 1.907718e-03
8.372093e-02 3.322259e-04 8.962625e-03 1.814966e-03
8.438538e-02 3.322259e-04 8.513512e-03 1.723732e-03
8.504983e-02 3.322259e-04 8.073775e-03 1.634737e-03
8.571429e-02 3.322259e-04 7.640099e-03 1.547309e-03
8.637874e-02 3.322259e-04 7.218175e-03 1.460854e-03
8.704319e-02 3.322259e-04 6.802487e-03 1.377216e-03
8.770764e-02 3.322259e-04 6.395643e-03 1.294801e-03
8.837209e-02 3.322259e-04 5.996653e-03 1.214083e-03
8.903654e-02 3.322259e-04 5.603075e-03 1.134401e-03
8.970100e-02 3.322259e-04 5.218530e-03 1.056409e-03
9.036545e-02 3.322259e-04 4.839671e-03 9.798009e-04
9.102990e-02 3.322259e-04 4.468773e-03 9.048136e-04
9.169435e-02 3.322259e-04 4.104868e-03 8.310544e-04
9.235880e-02 3.322259e-04 3.744397e-03 7.582234e-04
9.302326e-02 3.322259e-04 3.391914e-03 6.877180e-04
9.368771e-02 3.322259e-04 3.045009e-03 6.160774e-04
9.435216e-02 3.322259e-04 2.703230e-03 5.477414e-04
9.501661e-02 3.322259e-04 2.366931e-03 4.793170e-04
9.568106e-02 3.322259e-04 2.034407e-03 4.123581e-04
9.634551e-02 3.322259e-04 1.710092e-03 3.459332e-04
9.700997e-02 3.322259e-04 1.389266e-03 2.816065e-04
9.767442e-02 3.322259e-04 1.073165e-03 2.169940e-04
9.833887e-02 3.322259e-04 7.607929e-04 1.547072e-04
9.900332e-02 3.322259e-04 4.537174e-04 9.239921e-05
9.966777e-02 3.322259e-04 1.503510e-04 3.145941e-05
