1.117318e-03 5.586592e-04 1.286116e+02 1.351277e+00
2.234637e-03 5.586592e-04 5.114481e+01 2.909486e+00
3.351955e-03 5.586592e-04 3.773612e+01 3.669980e+00
4.469274e-03 5.586592e-04 3.276833e+00 4.173313e+00
5.586592e-03 5.586592e-04 1.126585e+00 3.691716e+00
6.703911e-03 5.586592e-04 2.252125e+00 2.291987e+00
7.821229e-03 5.586592e-04 1.654075e+00 2.066335e+00
8.938547e-03 5.586592e-04 -6.044827e-02 2.226056e+00
1.005587e-02 5.586592e-04 4.610567e+00 2.254791e+00
1.117318e-02 5.586592e-04 9.957209e-01 3.554281e+00
1.229050e-02 5.586592e-04 2.015533e+00 1.683050e+00
1.340782e-02 5.586592e-04 2.945689e+00 2.091916e+00
1.452514e-02 5.586592e-04 5.525917e-01 1.703397e+00
1.564246e-02 5.586592e-04 -7.798126e-01 1.429834e+00
1.675978e-02 5.586592e-04 2.271999e+00 1.610305e+00
1.787709e-02 5.586592e-04 -5.596217e-01 1.011524e+00
1.899441e-02 5.586592e-04 1.267641e-01 9.045164e-01
2.011173e-02 5.586592e-04 -1.413924e+00 7.357118e-01
2.122905e-02 5.586592e-04 7.957556e-01 8.313659e-01
2.234637e-02 5.586592e-04 2.194205e-01 7.122377e-01
2.346369e-02 5.586592e-04 1.478466e+00 5.611497e-01
2.458101e-02 5.586592e-04 -2.262736e-01 5.033375e-01
2.569832e-02 5.586592e-04 -6.901772e-02 4.694604e-01
2.681564e-02 5.586592e-04 5.605420e-01 4.207630e-01
2.793296e-02 5.586592e-04 -3.772935e-02 3.762287e-01
2.905028e-02 5.586592e-04 3.338347e-01 3.176115e-01
3.016760e-02 5.586592e-04 4.219285e-02 3.064718e-01
3.128492e-02 5.586592e-04 3.991088e-01 2.914368e-01
3.240223e-02 5.586592e-04 -1.085300e-01 2.480566e-01
3.351955e-02 5.586592e-04 2.443470e-01 2.086662e-01
3.463687e-02 5.586592e-04 1.660634e-01 1.948496e-01
3.575419e-02 5.586592e-04 1.479395e-01 1.668802e-01
3.687151e-02 5.586592e-04 1.500488e-01 1.563642e-01
3.798883e-02 5.586592e-04 7.449859e-02 1.411299e-01
3.910615e-02 5.586592e-04 1.393148e-01 1.224486e-01
4.022346e-02 5.586592e-04 7.008017e-02 1.133612e-01
4.134078e-02 5.586592e-04 6.258240e-02 9.880749e-02
4.245810e-02 5.586592e-04 1.014416e-01 9.299757e-02
4.357542e-02 5.586592e-04 5.352162e-02 8.015477e-02
4.469274e-02 5.586592e-04 8.092752e-02 7.691354e-02
4.581006e-02 5.586592e-04 7.133935e-02 6.881758e-02
4.692737e-02 5.586592e-04 6.585401e-02 5.780492e-02
4.804469e-02 5.586592e-04 4.192358e-02 5.477595e-02
4.916201e-02 5.586592e-04 6.110145e-02 4.743089e-02
5.027933e-02 5.586592e-04 5.731071e-02 4.489010e-02
5.139665e-02 5.586592e-04 5.126598e-02 4.021661e-02
5.251397e-02 5.586592e-04 4.736329e-02 3.532195e-02
5.363128e-02 5.586592e-04 4.121010e-02 3.209338e-02
5.474860e-02 5.586592e-04 4.248325e-02 2.973298e-02
5.586592e-02 5.586592e-04 4.012048e-02 2.598404e-02
5.698324e-02 5.586592e-04 3.704220e-02 2.505385e-02
5.810056e-02 5.586592e-04 3.701246e-02 2.267289e-02
5.921788e-02 5.586592e-04 3.405500e-02 2.076082e-02
6.033520e-02 5.586592e-04 3.310335e-02 1.903668e-02
6.145251e-02 5.586592e-04 3.028040e-02 1.768990e-02
6.256983e-02 5.586592e-04 2.826780e-02 1.616995e-02
6.368715e-02 5.586592e-04 2.586421e-02 1.435373e-02
6.480447e-02 5.586592e-04 2.611722e-02 1.341626e-02
6.592179e-02 5.586592e-04 2.373620e-02 1.200660e-02
6.703911e-02 5.586592e-04 2.269418e-02 1.131130e-02
6.815642e-02 5.586592e-04 2.116345e-02 1.025693e-02
6.927374e-02 5.586592e-04 2.067833e-02 9.661242e-03
7.039106e-02 5.586592e-04 1.895975e-02 8.793288e-03
7.150838e-02 5.586592e-04 1.790086e-02 7.971272e-03
7.262570e-02 5.586592e-04 1.675448e-02 7.677537e-03
7.374302e-02 5.586592e-04 1.578618e-02 7.129886e-03
7.486034e-02 5.586592e-04 1.462956e-02 6.486075e-03
7.597765e-02 5.586592e-04 1.389510e-02 6.067831e-03
7.709497e-02 5.586592e-04 1.299037e-02 5.470849e-03
7.821229e-02 5.586592e-04 1.199989e-02 4.896540e-03
7.932961e-02 5.586592e-04 1.142898e-02 4.662645e-03
8.044693e-02 5.586592e-04 1.052248e-02 4.328142e-03
8.156425e-02 5.586592e-04 9.672454e-03 4.036181e-03
8.268156e-02 5.586592e-04 9.131377e-03 3.710781e-03
8.379888e-02 5.586592e-04 8.230560e-03 3.323499e-03
8.491620e-02 5.586592e-04 7.547240e-03 3.083045e-03
8.603352e-02 5.586592e-04 6.912389e-03 2.808909e-03
8.715084e-02 5.586592e-04 6.285955e-03 2.483068e-03
8.826816e-02 5.586592e-04 5.624759e-03 2.257580e-03
8.938547e-02 5.586592e-04 5.112976e-03 2.030002e-03
9.050279e-02 5.586592e-04 4.398621e-03 1.773521e-03
9.162011e-02 5.586592e-04 3.854477e-03 1.553046e-03
9.273743e-02 5.586592e-04 3.329005e-03 1.341776e-03
9.385475e-02 5.586592e-04 2.786010e-03 1.129976e-03
9.497207e-02 5.586592e-04 2.256371e-03 9.683936e-04
9.608939e-02 5.586592e-04 1.713348e-03 7.595017e-04
9.720670e-02 5.586592e-04 1.218821e-03 6.171395e-04
9.832402e-02 5.586592e-04 7.400060e-04 4.750580e-04
9.944134e-02 5.586592e-04 1.853494e-04 3.913888e-04
