1.600000e-03 8.000000e-04 -1.743033e+02 3.755971e+01
3.200000e-03 8.000000e-04 -6.369961e+01 6.262925e+01
4.800000e-03 8.000000e-04 -5.865830e+01 1.526412e+01
6.400000e-03 8.000000e-04 2.852703e+01 3.089871e+01
8.000000e-03 8.000000e-04 1.037116e+01 2.171778e+01
9.600000e-03 8.000000e-04 1.023767e+00 2.299074e+01
1.120000e-02 8.000000e-04 9.585393e-01 1.856779e+01
1.280000e-02 8.000000e-04 -9.353502e+00 1.597985e+01
1.440000e-02 8.000000e-04 -4.635097e+00 1.344815e+01
1.600000e-02 8.000000e-04 4.558465e+00 1.323771e+01
1.760000e-02 8.000000e-04 8.837237e+00 1.137330e+01
1.920000e-02 8.000000e-04 -1.221863e+00 1.062139e+01
2.080000e-02 8.000000e-04 -2.746558e+00 8.463223e+00
2.240000e-02 8.000000e-04 -1.317499e+01 5.683299e+00
2.400000e-02 8.000000e-04 -4.708749e+00 7.675324e+00
2.560000e-02 8.000000e-04 -8.240713e+00 5.185929e+00
2.720000e-02 8.000000e-04 -4.339640e+00 6.909033e+00
2.880000e-02 8.000000e-04 -3.521670e+00 7.394590e+00
3.040000e-02 8.000000e-04 5.865220e+00 6.207109e+00
3.200000e-02 8.000000e-04 -4.925501e-01 7.100347e+00
3.360000e-02 8.000000e-04 -5.467920e+00 5.766293e+00
3.520000e-02 8.000000e-04 -6.085779e+00 4.963511e+00
3.680000e-02 8.000000e-04 -3.198681e+00 5.531198e+00
3.840000e-02 8.000000e-04 7.172714e-01 5.839482e+00
4.000000e-02 8.000000e-04 -1.443332e+00 5.377068e+00
4.160000e-02 8.000000e-04 5.016095e-01 5.307588e+00
4.320000e-02 8.000000e-04 6.286106e-01 5.190793e+00
4.480000e-02 8.000000e-04 -2.334583e+00 4.934432e+00
4.640000e-02 8.000000e-04 -7.385449e-01 4.942197e+00
4.800000e-02 8.000000e-04 1.123479e+00 4.720770e+00
4.960000e-02 8.000000e-04 1.643612e+00 4.593837e+00
5.120000e-02 8.000000e-04 3.424584e-01 4.547491e+00
5.280000e-02 8.000000e-04 -1.953798e+00 4.311365e+00
5.440000e-02 8.000000e-04 -4.822965e-01 4.315270e+00
5.600000e-02 8.000000e-04 3.233387e-01 4.195027e+00
5.760000e-02 8.000000e-04 -3.764781e-01 4.106620e+00
5.920000e-02 8.000000e-04 -8.796807e-01 3.970226e+00
6.080000e-02 8.000000e-04 -8.758976e-01 3.892464e+00
6.240000e-02 8.000000e-04 -1.555265e+00 3.746923e+00
6.400000e-02 8.000000e-04 -1.078254e+00 3.702467e+00
6.560000e-02 8.000000e-04 -1.768451e+00 3.555689e+00
6.720000e-02 8.000000e-04 -1.533788e+00 3.502243e+00
6.880000e-02 8.000000e-04 -1.179402e+00 3.457050e+00
7.040000e-02 8.000000e-04 -1.075967e+00 3.399406e+00
7.200000e-02 8.000000e-04 -8.665612e-01 3.341825e+00
7.360000e-02 8.000000e-04 -3.135411e-01 3.305619e+00
7.520000e-02 8.000000e-04 -4.169070e-01 3.236941e+00
7.680000e-02 8.000000e-04 -5.269010e-01 3.168347e+00
7.840000e-02 8.000000e-04 1.393300e-01 3.121002e+00
8.000000e-02 8.000000e-04 -3.019981e-01 3.057749e+00
8.160000e-02 8.000000e-04 -6.289092e-01 2.990498e+00
8.320000e-02 8.000000e-04 -5.974233e-01 2.938261e+00
8.480000e-02 8.000000e-04 -7.268442e-01 2.879892e+00
8.640000e-02 8.000000e-04 -4.954630e-01 2.839882e+00
8.800000e-02 8.000000e-04 -6.246327e-01 2.784611e+00
8.960000e-02 8.000000e-04 -3.475819e-01 2.748532e+00
9.120000e-02 8.000000e-04 -2.777082e-01 2.703232e+00
9.280000e-02 8.000000e-04 -2.659556e-01 2.660734e+00
9.440000e-02 8.000000e-04 -3.839749e-01 2.613472e+00
9.600000e-02 8.000000e-04 -1.937995e-01 2.575849e+00
9.760000e-02 8.000000e-04 2.174158e-02 2.536420e+00
9.920000e-02 8.000000e-04 -2.201080e-01 2.492513e+00
