7.017544e-04 3.508772e-04 -1.690981e+02 6.039634e+00
1.403509e-03 3.508772e-04 -7.417264e+01 5.978850e+00
2.105263e-03 3.508772e-04 -5.108344e+01 8.370213e+00
2.807018e-03 3.508772e-04 -3.162071e+01 4.481845e+00
3.508772e-03 3.508772e-04 -2.636550e+01 5.843514e+00
4.210526e-03 3.508772e-04 -7.338761e+00 9.628478e+00
4.912281e-03 3.508772e-04 -1.743929e+01 4.449603e+00
5.614035e-03 3.508772e-04 3.443094e+00 3.814726e+00
6.315789e-03 3.508772e-04 3.119869e+00 3.615611e+00
7.017544e-03 3.508772e-04 -5.568516e+00 2.571908e+00
7.719298e-03 3.508772e-04 -1.026259e+01 2.676599e+00
8.421053e-03 3.508772e-04 -9.280564e+00 3.465499e+00
9.122807e-03 3.508772e-04 -1.451583e+00 2.192008e+00
9.824561e-03 3.508772e-04 3.995153e-01 2.389345e+00
1.052632e-02 3.508772e-04 8.404002e+00 3.247248e+00
1.122807e-02 3.508772e-04 1.131724e+00 1.707110e+00
1.192982e-02 3.508772e-04 -1.613109e+00 1.358978e+00
1.263158e-02 3.508772e-04 1.380366e+00 8.989328e-01
1.333333e-02 3.508772e-04 -3.746509e+00 1.347001e+00
1.403509e-02 3.508772e-04 1.334218e+00 8.237183e-01
1.473684e-02 3.508772e-04 -1.231236e+00 1.429647e+00
1.543860e-02 3.508772e-04 -7.585312e-01 8.114150e-01
1.614035e-02 3.508772e-04 -1.008593e+00 7.763538e-01
1.684211e-02 3.508772e-04 -1.568361e+00 7.043203e-01
1.754386e-02 3.508772e-04 -5.000506e-01 5.436940e-01
1.824561e-02 3.508772e-04 -3.656909e-01 5.356854e-01
1.894737e-02 3.508772e-04 -1.756721e-01 4.164078e-01
1.964912e-02 3.508772e-04 -1.407488e-01 3.775999e-01
2.035088e-02 3.508772e-04 -2.378191e-01 3.364230e-01
2.105263e-02 3.508772e-04 -3.261330e-01 3.017782e-01
2.175439e-02 3.508772e-04 -3.648106e-01 2.876419e-01
2.245614e-02 3.508772e-04 -3.930755e-01 2.520897e-01
2.315789e-02 3.508772e-04 -1.062203e-01 2.145324e-01
2.385965e-02 3.508772e-04 -1.310206e-01 1.938284e-01
2.456140e-02 3.508772e-04 -2.534197e-01 1.763944e-01
2.526316e-02 3.508772e-04 -1.680154e-01 1.530434e-01
2.596491e-02 3.508772e-04 -2.149566e-01 1.468542e-01
2.666667e-02 3.508772e-04 -1.846431e-01 1.247527e-01
2.736842e-02 3.508772e-04 -1.448808e-01 1.111375e-01
2.807018e-02 3.508772e-04 -1.805920e-01 1.059559e-01
2.877193e-02 3.508772e-04 -1.506438e-01 8.972937e-02
2.947368e-02 3.508772e-04 -1.384337e-01 7.969916e-02
3.017544e-02 3.508772e-04 -1.448620e-01 7.028332e-02
3.087719e-02 3.508772e-04 -1.139394e-01 6.329198e-02
3.157895e-02 3.508772e-04 -1.282623e-01 5.966321e-02
3.228070e-02 3.508772e-04 -1.109870e-01 5.612587e-02
3.298246e-02 3.508772e-04 -9.601357e-02 4.972600e-02
3.368421e-02 3.508772e-04 -1.023524e-01 4.586077e-02
3.438596e-02 3.508772e-04 -9.226245e-02 4.062236e-02
3.508772e-02 3.508772e-04 -9.091581e-02 3.679282e-02
3.578947e-02 3.508772e-04 -8.893144e-02 3.460695e-02
3.649123e-02 3.508772e-04 -8.220371e-02 3.111203e-02
3.719298e-02 3.508772e-04 -7.974100e-02 3.012097e-02
3.789474e-02 3.508772e-04 -7.776082e-02 2.723667e-02
3.859649e-02 3.508772e-04 -7.235536e-02 2.522483e-02
3.929825e-02 3.508772e-04 -6.977285e-02 2.405749e-02
4.000000e-02 3.508772e-04 -6.881979e-02 2.270368e-02
4.070175e-02 3.508772e-04 -6.406729e-02 2.093874e-02
4.140351e-02 3.508772e-04 -6.233765e-02 1.975740e-02
4.210526e-02 3.508772e-04 -5.992993e-02 1.888215e-02
4.280702e-02 3.508772e-04 -5.812927e-02 1.750273e-02
4.350877e-02 3.508772e-04 -5.525841e-02 1.663988e-02
4.421053e-02 3.508772e-04 -5.304696e-02 1.616683e-02
4.491228e-02 3.508772e-04 -5.153438e-02 1.506129e-02
4.561404e-02 3.508772e-04 -4.921513e-02 1.460620e-02
4.631579e-02 3.508772e-04 -4.760876e-02 1.386709e-02
4.701754e-02 3.508772e-04 -4.575392e-02 1.302402e-02
4.771930e-02 3.508772e-04 -4.402178e-02 1.242466e-02
4.842105e-02 3.508772e-04 -4.248934e-02 1.196155e-02
4.912281e-02 3.508772e-04 -4.095903e-02 1.144502e-02
4.982456e-02 3.508772e-04 -3.957973e-02 1.100214e-02
5.052632e-02 3.508772e-04 -3.805802e-02 1.060226e-02
5.122807e-02 3.508772e-04 -3.685836e-02 1.014163e-02
5.192982e-02 3.508772e-04 -3.578714e-02 9.733297e-03
5.263158e-02 3.508772e-04 -3.427856e-02 9.395148e-03
5.333333e-02 3.508772e-04 -3.314781e-02 9.038485e-03
5.403509e-02 3.508772e-04 -3.184472e-02 8.773005e-03
5.473684e-02 3.508772e-04 -3.079347e-02 8.429327e-03
5.543860e-02 3.508772e-04 -2.982530e-02 8.071538e-03
5.614035e-02 3.508772e-04 -2.874873e-02 7.797765e-03
5.684211e-02 3.508772e-04 -2.776149e-02 7.570301e-03
5.754386e-02 3.508772e-04 -2.678734e-02 7.277911e-03
5.824561e-02 3.508772e-04 -2.583455e-02 7.001055e-03
5.894737e-02 3.508772e-04 -2.496329e-02 6.757398e-03
5.964912e-02 3.508772e-04 -2.409485e-02 6.537828e-03
6.035088e-02 3.508772e-04 -2.334535e-02 6.279666e-03
6.105263e-02 3.508772e-04 -2.251106e-02 6.051459e-03
6.175439e-02 3.508772e-04 -2.171101e-02 5.840561e-03
6.245614e-02 3.508772e-04 -2.097537e-02 5.651809e-03
6.315789e-02 3.508772e-04 -2.027061e-02 5.440009e-03
6.385965e-02 3.508772e-04 -1.955229e-02 5.253762e-03
6.456140e-02 3.508772e-04 -1.886283e-02 5.068919e-03
6.526316e-02 3.508772e-04 -1.820801e-02 4.883695e-03
6.596491e-02 3.508772e-04 -1.756135e-02 4.706870e-03
6.666667e-02 3.508772e-04 -1.695919e-02 4.545316e-03
6.736842e-02 3.508772e-04 -1.634949e-02 4.376814e-03
6.807018e-02 3.508772e-04 -1.577830e-02 4.212461e-03
6.877193e-02 3.508772e-04 -1.520194e-02 4.065202e-03
6.947368e-02 3.508772e-04 -1.464905e-02 3.915877e-03
7.017544e-02 3.508772e-04 -1.411796e-02 3.768137e-03
7.087719e-02 3.508772e-04 -1.359214e-02 3.629143e-03
7.157895e-02 3.508772e-04 -1.308984e-02 3.490095e-03
7.228070e-02 3.508772e-04 -1.259041e-02 3.361127e-03
7.298246e-02 3.508772e-04 -1.211108e-02 3.233425e-03
7.368421e-02 3.508772e-04 -1.165160e-02 3.105316e-03
7.438596e-02 3.508772e-04 -1.119243e-02 2.984676e-03
7.508772e-02 3.508772e-04 -1.075029e-02 2.866644e-03
7.578947e-02 3.508772e-04 -1.032050e-02 2.749695e-03
7.649123e-02 3.508772e-04 -9.898435e-03 2.635579e-03
7.719298e-02 3.508772e-04 -9.489690e-03 2.526335e-03
7.789474e-02 3.508772e-04 -9.087348e-03 2.419578e-03
7.859649e-02 3.508772e-04 -8.699033e-03 2.316934e-03
7.929825e-02 3.508772e-04 -8.317150e-03 2.213647e-03
8.000000e-02 3.508772e-04 -7.945731e-03 2.113953e-03
8.070175e-02 3.508772e-04 -7.582200e-03 2.015923e-03
8.140351e-02 3.508772e-04 -7.227206e-03 1.921373e-03
8.210526e-02 3.508772e-04 -6.878782e-03 1.828625e-03
8.280702e-02 3.508772e-04 -6.540282e-03 1.739034e-03
8.350877e-02 3.508772e-04 -6.206648e-03 1.649664e-03
8.421053e-02 3.508772e-04 -5.881418e-03 1.562733e-03
8.491228e-02 3.508772e-04 -5.564593e-03 1.479010e-03
8.561404e-02 3.508772e-04 -5.253400e-03 1.395199e-03
8.631579e-02 3.508772e-04 -4.948678e-03 1.314015e-03
8.701754e-02 3.508772e-04 -4.647883e-03 1.234830e-03
8.771930e-02 3.508772e-04 -4.355249e-03 1.156428e-03
8.842105e-02 3.508772e-04 -4.068363e-03 1.080010e-03
8.912281e-02 3.508772e-04 -3.787349e-03 1.005479e-03
8.982456e-02 3.508772e-04 -3.510259e-03 9.322827e-04
9.052632e-02 3.508772e-04 -3.239268e-03 8.599341e-04
9.122807e-02 3.508772e-04 -2.971887e-03 7.896016e-04
9.192982e-02 3.508772e-04 -2.711166e-03 7.203821e-04
9.263158e-02 3.508772e-04 -2.454908e-03 6.518104e-04
9.333333e-02 3.508772e-04 -2.202950e-03 5.842463e-04
9.403509e-02 3.508772e-04 -1.955317e-03 5.184449e-04
9.473684e-02 3.508772e-04 -1.711860e-03 4.538143e-04
9.543860e-02 3.508772e-04 -1.470416e-03 3.910258e-04
9.614035e-02 3.508772e-04 -1.235889e-03 3.280103e-04
9.684211e-02 3.508772e-04 -1.002760e-03 2.666297e-04
9.754386e-02 3.508772e-04 -7.747504e-04 2.061547e-04
9.824561e-02 3.508772e-04 -5.492672e-04 1.461501e-04
9.894737e-02 3.508772e-04 -3.265464e-04 8.696101e-05
9.964912e-02 3.508772e-04 -1.077508e-04 3.065902e-05
