7.518797e-04 3.759398e-04 1.337833e+02 6.845501e+00
1.503759e-03 3.759398e-04 7.580332e+01 4.901697e+00
2.255639e-03 3.759398e-04 8.652714e+01 4.651726e+00
3.007519e-03 3.759398e-04 1.323497e+01 3.261696e+00
3.759398e-03 3.759398e-04 1.916465e+01 4.457770e+00
4.511278e-03 3.759398e-04 1.849192e+01 3.688251e+00
5.263158e-03 3.759398e-04 8.953145e+00 5.642448e+00
6.015038e-03 3.759398e-04 1.069647e+01 3.955158e+00
6.766917e-03 3.759398e-04 4.915963e+00 4.008459e+00
7.518797e-03 3.759398e-04 8.755641e+00 4.132398e+00
8.270677e-03 3.759398e-04 7.838370e-04 4.615609e+00
9.022556e-03 3.759398e-04 3.230913e+00 3.603980e+00
9.774436e-03 3.759398e-04 1.184077e+00 3.882423e+00
1.052632e-02 3.759398e-04 2.095726e+00 4.167776e+00
1.127820e-02 3.759398e-04 2.688958e+00 2.585198e+00
1.203008e-02 3.759398e-04 5.199997e+00 4.655295e+00
1.278195e-02 3.759398e-04 2.479595e+00 4.878579e+00
1.353383e-02 3.759398e-04 2.923440e+00 3.024864e+00
1.428571e-02 3.759398e-04 1.894093e-01 4.113868e+00
1.503759e-02 3.759398e-04 -2.053196e+00 4.037421e+00
1.578947e-02 3.759398e-04 -1.743370e+00 6.013851e+00
1.654135e-02 3.759398e-04 -4.011766e+00 2.887802e+00
1.729323e-02 3.759398e-04 -1.078573e+00 3.158553e+00
1.804511e-02 3.759398e-04 2.597741e+00 3.833033e+00
1.879699e-02 3.759398e-04 -1.716809e+00 2.844986e+00
1.954887e-02 3.759398e-04 1.366801e+00 2.797528e+00
2.030075e-02 3.759398e-04 -1.519914e+00 1.530878e+00
2.105263e-02 3.759398e-04 5.411724e-01 2.579462e+00
2.180451e-02 3.759398e-04 1.247690e+00 1.602490e+00
2.255639e-02 3.759398e-04 -1.646893e-01 3.030800e+00
2.330827e-02 3.759398e-04 -2.842719e-01 1.506636e+00
2.406015e-02 3.759398e-04 1.402650e+00 2.356952e+00
2.481203e-02 3.759398e-04 -3.333104e-01 2.317403e+00
2.556391e-02 3.759398e-04 1.515038e+00 2.895377e+00
2.631579e-02 3.759398e-04 -4.438111e-01 2.258931e+00
2.706767e-02 3.759398e-04 1.074965e+00 2.371069e+00
2.781955e-02 3.759398e-04 1.140258e+00 2.073356e+00
2.857143e-02 3.759398e-04 2.584940e-01 2.007706e+00
2.932331e-02 3.759398e-04 5.910538e-01 2.037878e+00
3.007519e-02 3.759398e-04 5.516303e-04 2.226560e+00
3.082707e-02 3.759398e-04 -2.884205e-01 2.078384e+00
3.157895e-02 3.759398e-04 3.403241e-01 2.221998e+00
3.233083e-02 3.759398e-04 7.673143e-02 2.792871e+00
3.308271e-02 3.759398e-04 5.922933e-01 2.186709e+00
3.383459e-02 3.759398e-04 7.568100e-01 2.080675e+00
3.458647e-02 3.759398e-04 -2.628591e-01 2.033139e+00
3.533835e-02 3.759398e-04 -2.541778e-02 2.038150e+00
3.609023e-02 3.759398e-04 3.165859e-01 1.880838e+00
3.684211e-02 3.759398e-04 -7.823091e-01 1.857675e+00
3.759398e-02 3.759398e-04 -7.016131e-01 2.028762e+00
3.834586e-02 3.759398e-04 -2.467710e-01 1.536949e+00
3.909774e-02 3.759398e-04 -1.232255e+00 1.524730e+00
3.984962e-02 3.759398e-04 4.330768e-01 1.406049e+00
4.060150e-02 3.759398e-04 -5.255210e-01 1.956213e+00
4.135338e-02 3.759398e-04 -4.804163e-01 2.152025e+00
4.210526e-02 3.759398e-04 8.827287e-02 2.135651e+00
4.285714e-02 3.759398e-04 1.280951e-01 2.320968e+00
4.360902e-02 3.759398e-04 3.335761e-01 1.781296e+00
4.436090e-02 3.759398e-04 -2.412648e-01 1.377158e+00
4.511278e-02 3.759398e-04 1.010471e+00 1.920071e+00
4.586466e-02 3.759398e-04 4.284089e-01 1.919964e+00
4.661654e-02 3.759398e-04 -1.283301e-01 1.857906e+00
4.736842e-02 3.759398e-04 1.002429e+00 1.778448e+00
4.812030e-02 3.759398e-04 1.272868e+00 1.618606e+00
4.887218e-02 3.759398e-04 -1.162457e-02 1.580717e+00
4.962406e-02 3.759398e-04 -3.012761e-01 1.817102e+00
5.037594e-02 3.759398e-04 6.581570e-02 1.398125e+00
5.112782e-02 3.759398e-04 -1.511517e-01 1.731718e+00
5.187970e-02 3.759398e-04 -3.692491e-01 1.848968e+00
5.263158e-02 3.759398e-04 -7.870812e-01 1.620352e+00
5.338346e-02 3.759398e-04 1.035329e-01 1.543803e+00
5.413534e-02 3.759398e-04 2.705341e-01 1.711994e+00
5.488722e-02 3.759398e-04 6.497820e-01 1.704452e+00
5.563910e-02 3.759398e-04 -5.939903e-01 1.689552e+00
5.639098e-02 3.759398e-04 1.101093e-01 1.629498e+00
5.714286e-02 3.759398e-04 -4.504109e-02 1.558251e+00
5.789474e-02 3.759398e-04 8.679564e-01 1.486116e+00
5.864662e-02 3.759398e-04 8.277526e-02 1.508327e+00
5.939850e-02 3.759398e-04 -2.075700e-01 1.461800e+00
6.015038e-02 3.759398e-04 -3.247579e-01 1.308867e+00
6.090226e-02 3.759398e-04 5.055535e-01 1.591155e+00
6.165414e-02 3.759398e-04 3.460479e-02 1.736700e+00
6.240602e-02 3.759398e-04 -1.074578e-01 1.450881e+00
6.315789e-02 3.759398e-04 -5.227797e-03 1.579918e+00
6.390977e-02 3.759398e-04 9.222086e-01 1.547556e+00
6.466165e-02 3.759398e-04 -3.257882e-01 1.712253e+00
6.541353e-02 3.759398e-04 -8.574557e-02 1.501690e+00
6.616541e-02 3.759398e-04 -4.148161e-01 1.283233e+00
6.691729e-02 3.759398e-04 -3.129674e-01 1.441286e+00
6.766917e-02 3.759398e-04 -1.253264e-01 1.209691e+00
6.842105e-02 3.759398e-04 2.743363e-01 1.265067e+00
6.917293e-02 3.759398e-04 -4.156329e-01 1.292009e+00
6.992481e-02 3.759398e-04 4.988840e-01 1.371606e+00
7.067669e-02 3.759398e-04 6.129225e-01 1.610519e+00
7.142857e-02 3.759398e-04 -1.847320e-01 1.556302e+00
7.218045e-02 3.759398e-04 -9.440663e-02 1.136514e+00
7.293233e-02 3.759398e-04 1.757823e-01 1.294145e+00
7.368421e-02 3.759398e-04 8.817024e-02 1.083605e+00
7.443609e-02 3.759398e-04 5.878211e-02 1.233343e+00
7.518797e-02 3.759398e-04 8.901365e-02 9.887520e-01
7.593985e-02 3.759398e-04 1.983414e-01 1.156824e+00
7.669173e-02 3.759398e-04 4.366908e-01 1.194461e+00
7.744361e-02 3.759398e-04 3.340909e-01 1.376673e+00
7.819549e-02 3.759398e-04 -8.850041e-02 1.266451e+00
7.894737e-02 3.759398e-04 1.790842e-01 1.297228e+00
7.969925e-02 3.759398e-04 3.101721e-01 1.146102e+00
8.045113e-02 3.759398e-04 -6.175137e-01 1.135246e+00
8.120301e-02 3.759398e-04 4.202328e-03 1.138268e+00
8.195489e-02 3.759398e-04 1.425508e-01 1.170200e+00
8.270677e-02 3.759398e-04 -1.824642e-01 1.133471e+00
8.345865e-02 3.759398e-04 1.614006e-01 1.281170e+00
8.421053e-02 3.759398e-04 2.234179e-01 9.240301e-01
8.496241e-02 3.759398e-04 8.712434e-02 1.110831e+00
8.571429e-02 3.759398e-04 1.714009e-01 1.073493e+00
8.646617e-02 3.759398e-04 2.314627e-01 1.066404e+00
8.721805e-02 3.759398e-04 -3.288623e-01 1.257857e+00
8.796992e-02 3.759398e-04 -6.184348e-02 1.017582e+00
8.872180e-02 3.759398e-04 8.069202e-03 9.908929e-01
8.947368e-02 3.759398e-04 2.353212e-01 1.011222e+00
9.022556e-02 3.759398e-04 -4.282532e-01 9.725440e-01
9.097744e-02 3.759398e-04 2.517092e-01 1.160835e+00
9.172932e-02 3.759398e-04 1.603402e-01 1.009713e+00
9.248120e-02 3.759398e-04 3.180681e-01 1.024073e+00
9.323308e-02 3.759398e-04 6.125458e-01 1.007847e+00
9.398496e-02 3.759398e-04 2.188242e-01 1.112483e+00
9.473684e-02 3.759398e-04 -2.311520e-01 8.584458e-01
9.548872e-02 3.759398e-04 3.701536e-01 8.245924e-01
9.624060e-02 3.759398e-04 8.996431e-02 9.814933e-01
9.699248e-02 3.759398e-04 -3.922041e-01 1.134138e+00
9.774436e-02 3.759398e-04 1.318227e-01 9.632377e-01
9.849624e-02 3.759398e-04 -3.834832e-01 1.015470e+00
9.924812e-02 3.759398e-04 1.083663e-01 9.282767e-01
1.000000e-01 3.759398e-04 1.130000e+00 1.045598e+00
