9.523810e-04 4.761905e-04 8.248834e+00 9.996689e+00
1.904762e-03 4.761905e-04 9.354293e+00 3.189455e+00
2.857143e-03 4.761905e-04 -1.192676e+01 4.744048e+00
3.809524e-03 4.761905e-04 -1.073994e+01 5.394609e+00
4.761905e-03 4.761905e-04 -8.856353e+00 5.164224e+00
5.714286e-03 4.761905e-04 8.284240e+00 3.493201e+00
6.666667e-03 4.761905e-04 -4.972548e+00 3.867291e+00
7.619048e-03 4.761905e-04 -2.126908e+00 4.362466e+00
8.571429e-03 4.761905e-04 -9.085362e-01 2.187350e+00
9.523810e-03 4.761905e-04 -2.391771e+00 2.424663e+00
1.047619e-02 4.761905e-04 1.454747e+00 1.997492e+00
1.142857e-02 4.761905e-04 -8.892932e-01 1.462412e+00
1.238095e-02 4.761905e-04 -2.127257e+00 1.471244e+00
1.333333e-02 4.761905e-04 -1.275653e+00 1.100568e+00
1.428571e-02 4.761905e-04 -6.122157e-01 1.151690e+00
1.523810e-02 4.761905e-04 -1.340611e+00 7.632450e-01
1.619048e-02 4.761905e-04 -8.799865e-01 7.077706e-01
1.714286e-02 4.761905e-04 -2.470368e-01 5.945907e-01
1.809524e-02 4.761905e-04 -5.403721e-02 4.610530e-01
1.904762e-02 4.761905e-04 -1.794481e-01 3.912651e-01
2.000000e-02 4.761905e-04 4.043530e-02 3.513343e-01
2.095238e-02 4.761905e-04 -2.023994e-01 2.786147e-01
2.190476e-02 4.761905e-04 -3.163201e-01 2.368529e-01
2.285714e-02 4.761905e-04 -1.847048e-01 2.161465e-01
2.380952e-02 4.761905e-04 -1.591428e-01 1.785551e-01
2.476190e-02 4.761905e-04 -1.923047e-01 1.472605e-01
2.571429e-02 4.761905e-04 -1.490794e-01 1.288416e-01
2.666667e-02 4.761905e-04 -1.572025e-01 1.080929e-01
2.761905e-02 4.761905e-04 -1.597357e-01 9.370629e-02
2.857143e-02 4.761905e-04 -1.188673e-01 8.185556e-02
2.952381e-02 4.761905e-04 -1.134197e-01 7.334276e-02
3.047619e-02 4.761905e-04 -1.030596e-01 6.243499e-02
3.142857e-02 4.761905e-04 -1.002078e-01 5.544898e-02
3.238095e-02 4.761905e-04 -9.363224e-02 4.821056e-02
3.333333e-02 4.761905e-04 -8.788638e-02 4.186709e-02
3.428571e-02 4.761905e-04 -7.872586e-02 3.702565e-02
3.523810e-02 4.761905e-04 -7.570973e-02 3.449538e-02
3.619048e-02 4.761905e-04 -7.173831e-02 3.090392e-02
3.714286e-02 4.761905e-04 -6.602174e-02 2.908631e-02
3.809524e-02 4.761905e-04 -6.335701e-02 2.621049e-02
3.904762e-02 4.761905e-04 -5.799643e-02 2.379071e-02
4.000000e-02 4.761905e-04 -5.640339e-02 2.195346e-02
4.095238e-02 4.761905e-04 -5.316341e-02 2.043963e-02
4.190476e-02 4.761905e-04 -5.041898e-02 1.894111e-02
4.285714e-02 4.761905e-04 -4.774937e-02 1.795704e-02
4.380952e-02 4.761905e-04 -4.530667e-02 1.664965e-02
4.476190e-02 4.761905e-04 -4.319594e-02 1.547634e-02
4.571429e-02 4.761905e-04 -4.090054e-02 1.471168e-02
4.666667e-02 4.761905e-04 -3.826245e-02 1.389476e-02
4.761905e-02 4.761905e-04 -3.645485e-02 1.321332e-02
4.857143e-02 4.761905e-04 -3.471718e-02 1.242256e-02
4.952381e-02 4.761905e-04 -3.292718e-02 1.182969e-02
5.047619e-02 4.761905e-04 -3.153348e-02 1.120218e-02
5.142857e-02 4.761905e-04 -2.994731e-02 1.051884e-02
5.238095e-02 4.761905e-04 -2.852223e-02 1.006480e-02
5.333333e-02 4.761905e-04 -2.711893e-02 9.529606e-03
5.428571e-02 4.761905e-04 -2.583627e-02 9.162594e-03
5.523810e-02 4.761905e-04 -2.464426e-02 8.665722e-03
5.619048e-02 4.761905e-04 -2.350155e-02 8.231616e-03
5.714286e-02 4.761905e-04 -2.237954e-02 7.871142e-03
5.809524e-02 4.761905e-04 -2.134239e-02 7.503523e-03
5.904762e-02 4.761905e-04 -2.041231e-02 7.110506e-03
6.000000e-02 4.761905e-04 -1.941545e-02 6.801168e-03
6.095238e-02 4.761905e-04 -1.850211e-02 6.472641e-03
6.190476e-02 4.761905e-04 -1.761775e-02 6.159136e-03
6.285714e-02 4.761905e-04 -1.683374e-02 5.864643e-03
6.380952e-02 4.761905e-04 -1.602468e-02 5.589282e-03
6.476190e-02 4.761905e-04 -1.528186e-02 5.321743e-03
6.571429e-02 4.761905e-04 -1.454984e-02 5.072732e-03
6.666667e-02 4.761905e-04 -1.385994e-02 4.825209e-03
6.761905e-02 4.761905e-04 -1.320129e-02 4.593118e-03
6.857143e-02 4.761905e-04 -1.254983e-02 4.368000e-03
6.952381e-02 4.761905e-04 -1.193747e-02 4.152877e-03
7.047619e-02 4.761905e-04 -1.134291e-02 3.944054e-03
7.142857e-02 4.761905e-04 -1.077306e-02 3.748009e-03
7.238095e-02 4.761905e-04 -1.023204e-02 3.557739e-03
7.333333e-02 4.761905e-04 -9.701126e-03 3.371959e-03
7.428571e-02 4.761905e-04 -9.189828e-03 3.194100e-03
7.523810e-02 4.761905e-04 -8.701057e-03 3.022924e-03
7.619048e-02 4.761905e-04 -8.224757e-03 2.856124e-03
7.714286e-02 4.761905e-04 -7.766295e-03 2.697766e-03
7.809524e-02 4.761905e-04 -7.323327e-03 2.544199e-03
7.904762e-02 4.761905e-04 -6.896633e-03 2.394544e-03
8.000000e-02 4.761905e-04 -6.482061e-03 2.249436e-03
8.095238e-02 4.761905e-04 -6.079983e-03 2.110637e-03
8.190476e-02 4.761905e-04 -5.690681e-03 1.974864e-03
8.285714e-02 4.761905e-04 -5.313871e-03 1.843975e-03
8.380952e-02 4.761905e-04 -4.948535e-03 1.717096e-03
8.476190e-02 4.761905e-04 -4.592448e-03 1.593125e-03
8.571429e-02 4.761905e-04 -4.246781e-03 1.473339e-03
8.666667e-02 4.761905e-04 -3.910289e-03 1.356254e-03
8.761905e-02 4.761905e-04 -3.584953e-03 1.243213e-03
8.857143e-02 4.761905e-04 -3.266441e-03 1.132834e-03
8.952381e-02 4.761905e-04 -2.957714e-03 1.026182e-03
9.047619e-02 4.761905e-04 -2.656668e-03 9.206960e-04
9.142857e-02 4.761905e-04 -2.362491e-03 8.191793e-04
9.238095e-02 4.761905e-04 -2.075850e-03 7.194903e-04
9.333333e-02 4.761905e-04 -1.794899e-03 6.223853e-04
9.428571e-02 4.761905e-04 -1.521974e-03 5.279103e-04
9.523810e-02 4.761905e-04 -1.253639e-03 4.348305e-04
9.619048e-02 4.761905e-04 -9.925885e-04 3.445130e-04
9.714286e-02 4.761905e-04 -7.366951e-04 2.554556e-04
9.809524e-02 4.761905e-04 -4.866027e-04 1.684080e-04
9.904762e-02 4.761905e-04 -2.410372e-04 8.371426e-05
1.000000e-01 4.761905e-04 0.000000e+00 0.000000e+00
